18 11 581 0
21 13 1447 0
12 24 2625 0
21 13 4358 0
28 18 4582 1
17 10 5453 0
14 19 5874 1
22 1 6189 1
10 13 6460 0
10 23 6536 0
33 22 6968 1
11 24 7053 0
3 19 7312 1
13 11 7346 0
8 21 7740 0
13 24 8078 0
9 22 8422 0
15 10 8717 0
18 12 8823 0
12 20 8970 1
15 23 8857 0
15 0 9625 1
23 15 9655 0
21 12 10318 1
18 10 10161 0
8 20 10560 0
21 17 10753 0
19 13 10813 0
14 4 11058 1
17 8 11165 1
14 10 11549 0
8 22 11580 0
19 12 11435 0
18 21 11722 0
21 13 11922 0
11 13 11996 0
13 20 12385 1
9 23 12646 0
17 22 12661 0
16 10 12467 0
14 23 12844 0
20 19 13179 0
19 9 12984 1
5 9 12986 1
16 23 13020 0
16 22 13323 0
7 21 13184 0
12 24 13284 0
22 14 13468 1
12 7 13547 1
11 12 14086 0
7 20 14009 0
15 4 14223 1
10 23 14555 0
13 12 14569 0
11 20 14732 1
12 19 15104 1
14 11 15129 0
10 14 15213 0
16 7 14997 1
15 10 15057 0
12 12 15371 0
15 24 15684 0
19 21 15715 0
18 8 15769 1
11 23 16158 0
15 23 16174 0
16 18 16244 1
14 24 16003 0
13 19 16044 1
16 10 16123 0
17 10 16388 0
11 7 16696 1
33 14 16527 1
30 12 16907 1
20 10 16932 1
17 18 17221 1
9 22 17028 0
18 11 17039 0
12 6 17412 1
11 8 17496 1
14 19 17731 1
10 20 17731 1
13 24 17840 0
11 24 18079 0
18 22 18469 0
13 20 18332 1
9 14 18890 0
17 8 19270 1
11 21 19089 1
21 12 19123 1
20 20 19160 0
12 20 19194 1
21 19 19194 0
21 18 19399 0
19 9 19424 1
11 13 19647 0
8 19 20072 0
8 22 20093 0
17 22 19842 0
14 20 19860 1
18 13 19887 0
11 14 19942 0
12 24 19950 0
15 19 20278 1
16 4 20314 1
7 15 20437 1
10 23 20453 0
13 7 20795 1
12 8 20668 1
16 10 20701 0
15 10 20718 0
15 5 21000 1
10 24 20892 0
20 18 20950 0
19 10 21248 1
16 8 21338 1
16 5 21342 1
12 12 21128 0
10 14 21177 0
9 23 21237 0
19 22 21835 0
8 23 21868 0
19 13 21688 0
16 23 21693 0
14 24 21737 0
14 23 21748 0
18 21 22027 0
13 24 21964 0
0 7 21990 1
19 14 22359 0
17 17 22186 1
18 12 22537 0
15 24 22586 0
13 12 22606 0
13 20 22626 1
14 11 22462 0
18 10 22790 0
20 11 22673 1
18 22 22749 0
14 4 23155 1
19 12 22930 0
18 18 23372 1
8 11 23374 1
17 11 23404 0
17 10 23169 0
13 11 23228 0
14 12 23236 0
18 17 23262 1
19 17 23283 1
15 20 23578 1
16 19 23649 1
15 11 23654 0
11 8 23825 1
19 21 23909 0
11 24 23703 0
15 23 24067 0
8 21 24121 0
13 25 24131 0
18 11 24008 0
16 24 24032 0
18 9 24327 1
12 7 24369 1
12 13 24380 0
13 5 24403 1
11 21 24442 1
12 20 24200 1
10 21 24286 1
12 21 24299 1
16 11 24594 0
21 11 24605 1
14 20 24453 1
18 8 24536 1
22 18 24837 0
11 20 24885 1
9 24 24725 0
12 24 24732 0
15 5 24799 1
22 12 25215 1
9 11 25053 1
11 9 25468 1
31 9 25218 1
14 5 25227 1
12 25 25234 0
19 10 25237 1
9 12 25256 1
21 12 25301 1
17 18 25631 1
16 6 25542 1
7 11 25559 1
14 24 25565 0
11 13 25891 0
12 23 25960 0
7 21 25812 0
13 20 25824 1
15 4 25833 1
9 9 25838 1
17 9 26113 1
15 24 26119 0
10 8 26201 1
20 12 26239 1
18 22 26396 0
17 23 26272 0
16 10 26286 0
21 18 26293 0
10 23 26316 0
10 24 26677 0
17 22 26687 0
9 23 26717 0
14 11 26498 0
19 8 26601 1
12 8 26603 1
16 18 26603 1
16 23 26613 0
13 24 26894 0
21 20 26921 0
12 12 27001 0
17 12 26797 0
10 15 27402 0
11 14 27456 0
13 12 27518 0
17 5 27281 1
20 20 27317 0
10 20 27370 1
16 11 27370 0
7 22 27663 0
0 33 27746 1
18 9 27767 1
19 9 27522 1
10 10 27523 1
13 25 27576 0
16 7 27604 1
10 14 27647 0
19 22 27954 0
17 11 27778 0
11 24 27829 0
17 8 27871 1
11 8 27895 1
8 23 27895 0
12 13 27902 0
18 13 28194 0
18 27 28248 1
12 25 28248 0
8 22 28250 0
15 5 28043 1
15 6 28101 1
20 10 28124 1
8 16 28451 1
11 25 28471 0
15 11 28515 0
14 24 28531 0
11 21 28336 1
19 10 28682 1
18 22 28711 0
16 8 28721 1
12 20 28560 1
19 13 28562 0
13 13 28626 0
14 20 28938 1
13 7 28959 1
18 18 28979 1
19 14 28870 0
15 20 28913 1
14 12 29236 0
16 24 29246 0
18 12 29285 0
13 20 29309 1
9 24 29079 0
11 23 29109 0
13 6 29181 1
12 21 29494 1
15 24 29315 0
20 11 29327 1
22 15 29363 1
10 21 29406 1
18 11 29414 0
17 9 29439 1
17 23 30063 0
16 11 30063 0
10 24 29840 0
11 13 29893 0
21 18 30255 0
8 12 30320 1
11 9 30126 1
15 19 30143 1
22 16 30185 0
12 13 30191 0
14 21 30468 1
13 21 30486 1
16 23 30486 0
20 14 30499 0
14 11 30505 0
12 25 30521 0
13 25 30556 0
11 14 30571 0
14 6 30397 1
22 3 30448 1
21 13 30606 1
18 9 30868 1
19 21 30955 0
12 7 30974 1
17 18 31246 1
14 5 31246 1
16 19 31328 1
10 15 31346 0
22 14 31114 1
22 17 31135 0
20 12 31150 1
9 12 31194 1
19 22 31497 0
15 11 31372 0
14 24 31392 0
17 11 31393 0
16 20 31402 1
9 23 31430 0
12 8 31436 1
13 12 31816 0
11 25 31827 0
17 19 31678 1
20 19 31717 0
19 10 32007 1
15 6 32017 1
18 22 32037 0
11 8 31885 1
11 24 31888 0
8 23 31979 0
15 24 32328 0
16 22 32329 0
10 9 32154 1
15 5 32162 1
17 12 32164 0
11 21 32171 1
10 25 32172 0
20 20 32189 0
14 21 32205 1
11 22 32543 1
26 0 32544 1
12 13 32566 0
12 21 32578 1
11 7 32406 1
16 11 32407 0
16 12 32429 0
14 12 32467 0
14 25 32469 0
16 5 32470 1
16 24 32472 0
18 23 32841 0
13 25 32855 0
18 17 32861 1
13 24 32866 0
18 18 32640 1
20 21 32654 0
15 12 32687 0
16 6 32688 1
12 25 32747 0
9 24 32754 0
17 23 33118 0
19 17 33120 1
17 9 33145 1
21 19 32963 0
14 13 33288 0
10 10 33289 1
7 20 33345 0
21 12 33386 1
13 21 33399 1
14 20 33174 1
13 20 33228 1
13 14 33229 0
11 15 33245 0
13 13 33550 0
19 20 33592 0
9 11 33624 1
18 12 33660 0
8 24 33464 0
10 15 33515 0
15 20 33872 1
11 14 33881 0
10 24 33667 0
7 23 33703 0
19 13 33728 0
12 14 33758 0
15 6 34136 1
9 10 34167 1
10 21 33939 1
16 23 33953 0
11 9 33966 1
18 13 33980 0
10 22 34399 1
15 21 34200 1
14 21 34200 1
13 7 34207 1
18 10 34243 1
16 9 34560 1
10 11 34618 1
12 20 34659 1
19 22 34659 0
11 25 34483 0
14 6 34497 1
12 13 34499 0
19 16 34542 1
7 16 34828 1
19 14 34829 0
12 24 34688 0
17 11 34689 0
18 9 34720 1
11 22 34723 1
19 18 34788 1
15 18 34791 1
15 24 35115 0
12 8 35013 1
15 11 35038 0
12 21 35052 1
16 12 35365 0
14 12 35397 0
14 25 35434 0
8 23 35201 0
13 21 35209 1
16 24 35222 0
19 10 35243 1
18 23 35280 0
19 23 35588 0
13 8 35608 1
7 22 35642 0
20 11 35642 1
13 25 35644 0
12 26 35915 0
9 12 35957 1
9 24 35727 0
12 25 35774 0
17 12 35787 0
15 25 35823 0
19 11 36152 1
7 21 36159 0
17 7 36176 1
15 12 36210 0
21 13 35971 1
10 25 35985 0
21 19 35993 0
11 26 36049 0
15 6 36050 1
17 23 36095 0
12 9 36392 1
16 11 36448 0
10 26 36452 0
14 21 36455 1
17 19 36236 1
21 14 36284 1
8 22 36298 0
13 13 36649 0
10 15 36690 0
11 21 36539 1
11 15 36556 0
17 9 36906 1
16 7 36934 1
14 5 36770 1
11 9 37126 1
22 13 37138 1
11 14 37197 0
18 8 37198 1
19 15 37225 0
9 15 37231 0
14 13 37234 0
8 12 37044 1
12 14 37054 0
21 20 37065 0
15 21 37068 1
18 19 37091 1
13 6 37115 1
10 14 37376 0
22 17 37381 0
11 22 37398 1
12 22 37399 1
17 20 37400 1
17 8 37424 1
13 21 37425 1
10 16 37445 0
10 22 37480 1
16 12 37276 0
18 14 37319 0
11 24 37333 0
11 10 37365 1
10 10 37369 1
18 10 37369 1
18 23 37369 0
20 21 37640 0
14 26 37656 0
14 11 37678 0
13 26 37698 0
16 19 37709 1
14 7 37728 1
14 25 37741 0
16 24 37522 0
21 17 37583 0
14 6 37607 1
18 18 37899 1
20 13 37922 1
9 13 37938 1
17 24 37938 0
16 20 37944 1
11 20 37951 1
19 23 37951 0
20 12 37801 1
13 5 37820 1
8 24 37820 0
11 25 37821 0
9 23 37822 0
12 13 37851 0
22 18 38150 0
21 18 38166 0
13 14 38181 0
20 20 38219 0
14 12 38035 0
19 22 38038 0
17 13 38063 0
12 21 38077 1
12 26 38124 0
8 17 38421 1
15 25 38423 0
15 12 38505 0
14 21 38515 1
17 12 38311 0
10 25 38338 0
8 13 38350 1
16 25 38397 0
21 19 38695 0
18 12 38762 0
15 20 38765 1
9 24 39194 0
16 12 39229 0
11 26 39241 0
12 8 39262 1
16 6 39264 1
15 6 39270 1
19 14 39270 0
13 13 39083 0
19 11 39120 1
12 14 39134 0
15 26 39166 0
11 15 39431 0
14 13 39492 0
13 9 39535 1
19 21 39342 0
18 23 39345 0
10 15 39397 0
11 22 39706 1
10 11 39708 1
13 21 39710 1
10 9 39797 1
18 9 39577 1
19 9 39578 1
9 25 39578 0
18 13 39586 0
10 16 39622 0
19 18 39629 1
13 25 39950 0
10 21 40008 1
13 26 40023 0
17 23 40054 0
13 18 40063 1
13 7 39892 1
10 22 39897 1
15 13 40204 0
17 19 40208 1
12 9 40211 1
9 11 40217 1
19 23 40311 0
15 21 40076 1
16 8 40091 1
14 26 40114 0
12 26 40153 0
17 18 40177 1
12 22 40179 1
17 24 40450 0
21 14 40468 1
22 14 40525 1
15 12 40551 0
9 12 40322 1
19 10 40322 1
18 10 40325 1
10 26 40391 0
8 18 40706 1
14 7 40713 1
13 8 40738 1
14 25 40750 0
15 25 40761 0
15 22 40767 1
13 22 40776 1
13 14 40776 0
20 22 40590 0
20 21 40598 0
14 6 40609 1
11 9 40626 1
8 23 40632 0
18 11 40666 1
21 20 40692 0
17 20 40700 1
10 25 41079 0
14 22 40842 1
16 24 40871 0
12 7 40935 1
21 19 40940 0
11 16 41226 0
15 7 41243 1
18 24 41263 0
17 12 41276 0
16 9 41290 1
12 15 41296 0
8 25 41329 0
16 12 41121 0
11 10 41139 1
10 10 41156 1
11 26 41157 0
11 25 41477 0
16 10 41543 1
20 10 41567 1
12 14 41568 0
14 13 41580 0
15 26 41372 0
19 17 41394 1
18 19 41424 1
8 24 41752 0
21 13 41763 1
17 10 41779 1
12 10 41795 1
11 15 41796 0
10 12 42039 1
10 16 42088 0
13 26 42106 0
17 13 41874 0
20 11 41961 1
18 23 42244 0
16 7 42268 1
13 13 42297 0
14 26 42331 0
19 23 42332 0
11 8 42339 1
12 26 42340 0
14 14 42135 0
22 19 42188 0
17 25 42502 0
16 25 42547 0
7 23 42549 0
14 21 42551 1
17 24 42583 0
13 6 42614 1
13 21 42374 1
9 13 42390 1
11 23 42415 1
10 23 42418 1
19 11 42421 1
12 27 42436 0
19 22 42771 0
11 22 42635 1
13 22 42641 1
15 22 42666 1
12 22 42732 1
20 23 42733 0
20 13 43021 1
13 14 43041 0
22 18 43041 0
14 7 43056 1
9 25 43066 0
18 11 43096 1
8 21 43105 0
12 21 43118 1
22 15 43119 1
16 20 43125 1
8 14 42903 1
11 14 42911 0
15 25 42925 0
15 13 42928 0
10 26 42959 0
7 24 43007 0
15 21 43273 1
18 24 43278 0
20 14 43311 1
21 20 43157 0
14 12 43162 0
15 12 43218 0
17 20 43527 1
16 21 43540 1
15 26 43547 0
19 15 43583 0
11 26 43596 0
16 33 43617 1
7 17 43487 1
8 13 43493 1
18 13 43497 0
12 14 43507 0
18 20 43789 1
19 19 43790 1
14 13 43882 0
10 11 43652 1
14 22 43674 1
11 27 43678 0
15 24 43728 0
12 9 43753 1
15 7 44048 1
14 26 44069 0
16 12 44099 0
20 12 44105 1
9 26 43923 0
13 9 43975 1
13 9 43975 1
12 15 43978 0
21 14 43985 1
16 13 43995 0
11 16 44020 0
19 12 44024 1
10 15 44027 0
20 20 44029 0
11 10 44311 1
18 10 44316 1
18 15 44316 0
21 15 44374 1
20 22 44162 0
10 16 44173 0
18 14 44190 0
17 19 44247 1
9 12 44248 1
13 7 44283 1
12 26 44583 0
13 26 44586 0
12 27 44588 0
17 24 44607 0
10 25 44610 0
17 13 44622 0
14 6 44645 1
12 8 44424 1
20 21 44424 0
21 21 44425 0
8 25 44427 0
16 26 44437 0
20 17 44445 1
17 25 44454 0
10 17 44515 0
19 23 44538 0
12 10 44909 1
19 18 44914 1
8 16 44693 1
22 16 44704 1
13 22 44707 1
18 24 44725 0
11 11 44753 1
11 15 44758 0
9 14 44782 1
12 23 45068 1
13 8 45176 1
14 25 44933 0
9 7 44948 1
14 14 44974 0
16 25 44982 0
10 26 44990 0
17 10 45019 1
18 11 45022 1
9 24 45035 0
14 7 45045 1
20 15 45312 0
15 26 45321 0
13 14 45336 0
15 22 45350 1
10 23 45352 1
15 13 45391 0
21 20 45401 0
17 21 45255 1
12 22 45571 1
11 23 45681 1
18 19 45872 1
11 26 45887 0
17 20 45926 1
10 12 45699 1
9 25 45757 0
12 27 46092 0
14 26 46094 0
14 13 46106 0
12 15 46109 0
16 22 46121 1
14 27 46135 0
13 13 46158 0
8 18 45975 1
19 24 45999 0
14 22 46382 1
10 13 46441 1
15 20 46453 1
13 15 46255 0
16 8 46286 1
11 27 46287 0
8 24 46599 0
11 16 46608 0
15 7 46651 1
16 7 46669 1
16 13 46670 0
15 25 46677 0
14 8 46690 1
18 24 46716 0
17 13 46472 0
8 19 46543 1
18 20 46565 1
17 25 46886 0
8 14 46892 1
19 12 46945 1
20 22 46955 0
15 21 46736 1
19 11 46743 1
10 17 46763 0
8 17 46769 1
15 6 47172 1
17 6 47187 1
13 22 47188 1
11 10 47214 1
20 24 46976 0
9 26 47013 0
20 13 47088 1
15 13 47097 0
20 14 47098 1
14 14 47390 0
17 24 47391 0
18 18 47407 1
16 19 47421 1
15 26 47458 0
16 26 47468 0
16 10 47470 1
10 10 47235 1
22 20 47254 0
11 17 47334 0
21 20 47352 0
17 9 47619 1
18 11 47631 1
21 15 47651 1
16 25 47660 0
12 26 47673 0
12 15 47701 0
21 19 47709 0
10 26 47727 0
13 21 47732 1
9 13 47505 1
12 27 47531 0
18 13 47532 0
13 26 47536 0
16 21 47596 1
10 16 47894 0
19 23 47900 0
15 8 47906 1
14 5 47914 1
22 18 47926 0
12 23 47937 1
13 23 47971 1
21 13 47972 1
14 27 47973 0
14 7 47995 1
12 10 47753 1
11 25 47759 0
20 23 47803 0
15 22 47832 1
16 20 47838 1
19 19 48139 1
13 9 48156 1
12 9 48160 1
13 27 48190 0
9 11 48229 1
11 23 48247 1
10 23 48029 1
12 22 48096 1
14 20 48104 1
19 20 48116 1
17 21 48120 1
11 11 48127 1
10 11 48388 1
16 5 48502 1
18 10 48281 1
13 10 48303 1
21 14 48303 1
17 20 48328 1
8 25 48640 0
12 11 48724 1
21 21 48559 0
17 25 48570 0
16 13 48578 0
18 12 48590 1
17 13 48591 0
14 26 48595 0
19 24 48610 0
15 14 48610 0
9 14 48622 1
20 21 48623 0
11 16 48933 0
11 26 48977 0
10 17 48978 0
18 17 48979 1
18 24 48991 0
10 27 49023 0
18 25 48804 0
8 23 48817 0
9 25 48847 0
13 15 48848 0
15 19 48856 1
11 27 48862 0
18 9 49156 1
7 19 49190 1
9 12 49230 1
19 25 49234 0
13 8 49275 1
19 15 49049 0
14 22 49052 1
16 22 49059 1
14 13 49090 0
15 13 49091 0
22 19 49102 0
15 23 49119 1
15 27 49132 0
12 15 49417 0
8 15 49427 1
13 14 49453 0
22 14 49459 1
15 7 49490 1
16 26 49502 0
10 12 49512 1
18 14 49533 0
12 27 49302 0
14 14 49322 0
20 22 49323 0
17 10 49335 1
7 18 49715 1
10 13 49715 1
14 27 49540 0
13 22 49587 1
14 8 49593 1
18 20 49603 1
19 12 49617 1
12 16 49945 0
16 11 49988 1
9 26 49845 0
13 23 49867 1
22 15 50191 1
11 10 50254 1
15 8 50285 1
14 23 50057 1
10 18 50065 0
17 14 50078 0
16 25 50150 0
16 27 50155 0
10 26 50161 0
14 9 50171 1
13 27 50434 0
11 17 50535 0
20 23 50541 0
18 19 50381 1
12 23 50388 1
8 18 50397 1
19 18 50692 1
17 25 50759 0
8 19 50787 1
17 24 50794 0
17 11 50561 1
18 11 50565 1
19 18 50610 1
18 25 50650 0
7 20 50659 1
17 26 50967 0
21 15 51002 1
13 10 51003 1
15 26 51016 0
17 21 51020 1
11 23 50852 1
12 10 50895 1
10 17 50932 0
21 21 51227 0
19 24 51238 0
11 11 51249 1
19 20 51279 1
8 14 51280 1
16 8 51304 1
18 12 51312 1
13 15 51099 0
12 11 51125 1
16 26 51133 0
20 24 51160 0
14 27 51189 0
13 9 51196 1
13 16 51476 0
21 20 51519 0
15 27 51545 0
18 15 51338 0
15 22 51430 1
19 25 51431 0
16 13 51435 0
14 14 51722 0
15 14 51760 0
15 23 51806 1
12 16 51830 0
12 15 51835 0
20 12 51839 1
10 9 51588 1
17 19 51608 1
16 21 51609 1
17 13 51695 0
17 20 51972 1
11 27 51990 0
12 22 52058 1
16 22 51842 1
21 22 51842 0
15 13 51858 0
20 18 51904 1
9 14 51905 1
10 13 51950 1
9 13 51966 1
13 23 52288 1
11 16 52345 0
13 28 52109 0
14 28 52135 0
15 8 52180 1
14 8 52191 1
10 18 52199 0
12 14 52209 0
22 21 52484 0
20 23 52491 0
10 27 52512 0
18 25 52535 0
19 19 52548 1
22 20 52573 0
11 17 52368 0
12 27 52399 0
11 12 52401 1
12 24 52456 1
10 14 52764 1
21 23 52808 0
16 27 52809 0
17 22 52657 1
10 12 52666 1
20 22 52688 0
14 15 52732 0
14 23 53020 1
13 27 53060 0
18 20 53061 1
22 19 53319 0
16 14 53335 0
10 24 53339 1
16 26 53127 0
12 9 53156 1
14 27 53187 0
8 16 53188 1
13 10 53231 1
21 21 53238 0
8 17 53240 1
12 23 53508 1
17 26 53512 0
15 7 53516 1
13 15 53554 0
17 25 53595 0
17 21 53630 1
15 27 53395 0
19 25 53396 0
12 16 53422 0
12 11 53467 1
10 11 53488 1
19 20 53497 1
11 24 53785 1
19 24 53809 0
12 28 53819 0
18 21 53843 1
11 11 53859 1
13 11 53871 1
17 14 53871 0
15 23 53875 1
14 9 53660 1
8 19 53687 1
14 22 53707 1
15 14 53728 0
8 18 54037 1
15 21 53919 1
10 18 53937 0
18 25 54274 0
20 23 54279 0
8 15 54284 1
13 16 54345 0
20 24 54382 0
14 7 54383 1
11 17 54183 0
18 14 54193 0
18 12 54258 1
9 15 54541 1
9 26 54564 0
8 20 54571 1
16 22 54425 1
15 28 54440 0
19 12 54801 1
13 23 54830 1
16 27 54839 0
15 8 54840 1
10 13 54843 1
13 28 54873 0
7 20 54897 1
10 17 54898 0
21 23 54749 0
11 10 55056 1
12 10 55060 1
17 27 55106 0
13 24 55134 1
7 19 54916 1
17 22 54919 1
16 25 54959 0
14 28 54974 0
11 23 54993 1
12 16 55005 0
14 15 55007 0
19 21 55008 1
14 14 55296 0
13 8 55306 1
17 11 55306 1
22 21 55318 0
13 9 55360 1
12 24 55371 1
22 20 55401 0
16 14 55191 0
19 25 55209 0
11 27 55239 0
7 21 55259 1
11 18 55568 0
20 19 55575 1
11 12 55582 1
15 27 55594 0
14 23 55664 1
21 22 55463 0
13 10 55506 1
16 20 55509 1
14 24 55545 1
18 22 55551 1
13 22 55812 1
17 26 55813 0
20 24 55889 0
13 27 55897 0
21 21 55900 0
20 23 55912 0
16 23 55917 1
15 14 55917 0
14 8 55707 1
19 20 55728 1
11 13 55732 1
16 26 55744 0
10 14 55779 1
11 17 56104 0
12 26 56117 0
8 21 56143 1
22 19 56165 0
15 23 56179 1
18 25 56187 0
13 15 55948 0
13 11 55955 1
17 12 55965 1
17 14 56004 0
9 14 56052 1
14 16 56052 0
13 16 56350 0
16 21 56351 1
10 18 56355 0
10 27 56365 0
19 19 56384 1
11 28 56414 0
12 17 56417 0
11 26 56426 0
16 13 56224 0
15 24 56239 1
16 7 56256 1
15 15 56270 0
18 26 56278 0
12 28 56598 0
14 9 56630 1
16 27 56658 0
14 27 56473 0
21 23 56844 0
19 24 56849 0
18 21 56858 1
19 13 56873 1
20 13 56904 1
10 12 56905 1
21 24 56932 0
12 23 56944 1
13 28 56792 0
12 16 57095 0
14 15 57138 0
19 11 57212 1
22 20 56974 0
16 15 56981 0
9 16 56987 1
8 19 57000 1
22 21 57035 0
15 9 57051 1
14 10 57388 1
19 25 57470 0
19 18 57245 1
10 20 57250 0
20 24 57334 0
22 18 57602 0
17 27 57677 0
14 28 57683 0
20 11 57720 1
8 26 57488 0
20 23 57513 0
8 18 57514 1
17 22 57518 1
13 7 57548 1
16 14 57559 0
11 24 57582 1
11 11 57591 1
15 8 57927 1
16 8 57943 1
19 21 57943 1
8 16 57955 1
16 22 57976 1
11 18 57743 0
15 28 57754 0
10 13 57790 1
13 24 57814 1
20 20 58116 1
14 24 58165 1
12 24 58177 1
11 25 58177 1
15 27 58181 0
16 10 58201 0
21 22 58231 0
12 24 58002 1
20 18 58003 1
11 9 58032 1
15 14 58070 0
11 17 58414 0
18 22 58431 1
17 26 58251 0
16 27 58269 0
12 12 58282 1
12 17 58306 0
9 17 58309 1
17 23 58310 1
13 10 58310 1
19 20 58320 1
8 20 58329 1
16 23 58359 1
11 19 58637 0
8 17 58659 1
19 17 58661 1
13 11 58663 1
22 22 58681 0
13 16 58698 0
11 12 58711 1
9 15 58525 1
21 23 58526 0
18 27 58552 0
11 13 58559 1
18 25 58603 0
17 8 58622 1
14 16 58623 0
10 22 58938 0
20 25 58963 0
20 19 58753 1
12 11 58764 1
10 23 58772 0
18 26 58792 0
8 22 58796 1
15 5 58831 1
14 23 58877 1
14 9 59154 1
10 14 59165 1
20 22 59245 0
22 21 59083 0
22 20 59102 0
13 28 59121 0
14 15 59135 0
8 15 59438 1
7 23 59501 1
15 15 59513 0
14 28 59265 0
21 16 59302 1
17 28 59304 0
15 23 59330 1
9 18 59391 1
10 19 59669 0
23 20 59675 0
19 25 59741 0
13 27 59760 0
17 21 59549 1
7 20 59575 1
18 20 59908 1
9 13 59911 1
15 24 59936 1
19 26 59992 0
22 19 60025 0
10 21 59797 0
18 21 59821 1
11 18 59822 0
13 9 59833 1
17 14 59871 0
18 14 59884 0
14 11 59887 1
20 23 60198 0
17 27 60255 0
19 21 60035 1
10 20 60058 0
12 16 60070 0
13 12 60086 1
8 21 60156 1
23 21 60429 0
11 14 60437 1
13 23 60444 1
16 11 60465 0
14 10 60473 1
9 10 60478 1
15 9 60478 1
16 9 60512 1
9 16 60515 1
16 27 60302 0
9 27 60339 0
16 24 60388 1
12 28 60413 0
18 19 60697 1
8 19 60757 1
14 24 60757 1
13 24 60786 1
17 22 60573 1
18 13 60573 1
21 13 60586 1
7 13 60586 1
21 22 60587 0
15 28 60602 0
10 28 60615 0
12 17 60616 0
20 24 60635 0
10 15 60934 1
23 15 60936 1
17 20 60962 1
16 28 61012 0
9 19 61045 1
16 15 60854 0
14 16 61207 0
12 25 61222 1
13 16 61102 0
18 22 61141 1
10 22 61146 0
20 25 61149 0
16 14 61157 0
12 24 61165 1
15 27 61441 0
10 23 61443 0
18 26 61446 0
13 25 61552 1
20 20 61556 1
22 22 61319 0
21 24 61330 0
11 13 61342 1
17 26 61347 0
12 12 61368 1
9 14 61376 1
14 28 61413 0
16 23 61424 1
13 11 61431 1
17 23 61761 1
13 29 61784 0
22 21 61579 0
19 22 61608 1
15 14 61993 0
17 15 62019 0
8 18 62069 1
12 18 61849 0
11 19 61849 0
16 22 61924 1
7 21 61936 1
11 18 62244 0
10 19 62295 0
22 18 62309 0
11 25 62332 1
11 28 62095 1
11 28 62096 0
15 15 62096 0
23 19 62097 0
10 14 62099 1
11 12 62103 1
21 23 62133 0
19 26 62146 0
9 17 62154 1
14 8 62492 1
9 20 62585 1
14 9 62363 1
13 28 62459 0
15 16 62728 0
12 13 62739 1
11 24 62758 1
15 24 62809 1
23 20 62809 0
18 15 62841 0
18 27 62608 0
19 21 62641 1
13 17 62985 0
10 21 62992 0
9 15 63001 1
19 20 63054 1
10 27 62911 0
17 27 63260 0
14 15 63301 0
8 20 63319 1
7 22 63127 1
22 20 63139 0
10 20 63228 0
8 22 63575 1
16 24 63595 1
19 13 63384 1
7 18 63429 1
16 27 63469 0
22 22 63757 0
12 22 63766 1
20 19 63766 1
19 19 63796 1
8 23 63803 1
15 28 63852 0
18 21 63672 1
11 14 63678 1
1 14 63691 1
20 25 63702 0
14 24 63705 1
16 15 63732 0
15 9 63733 1
9 16 63739 1
16 28 64002 0
14 16 64045 0
14 10 64064 1
21 24 64078 0
13 24 64099 1
13 12 64100 1
18 26 63903 0
17 28 63938 0
23 18 64320 0
13 25 64345 1
19 26 64142 0
14 11 64218 1
14 28 64254 0
12 25 64532 1
10 24 64559 0
14 23 64589 1
10 15 64632 1
12 17 64422 0
11 19 64437 0
23 21 64477 0
12 12 64774 1
12 18 64841 0
16 9 64843 1
12 29 64845 0
9 18 64691 1
13 29 64718 0
11 13 64747 1
17 23 65052 1
16 21 65123 1
8 21 65129 1
9 19 64908 1
18 27 64923 0
18 22 64976 1
15 15 64994 0
11 18 65004 0
23 20 65015 0
20 26 65020 0
22 21 65324 0
16 23 65236 1
13 10 65559 1
10 19 65562 0
19 22 65566 1
20 20 65587 1
13 11 65650 1
19 24 65433 0
15 24 65514 1
13 17 65530 0
15 10 65806 1
22 22 65808 0
11 20 65826 0
10 23 65693 0
10 12 65702 1
19 21 65712 1
12 24 65733 1
14 29 65735 0
15 16 65743 0
11 27 65744 0
21 23 66069 0
20 21 66079 1
23 22 66120 0
17 15 65941 0
9 17 66012 1
15 28 66034 0
19 26 66199 0
13 18 66201 0
10 22 66211 0
21 22 66213 0
22 23 66233 0
22 16 66238 1
20 25 66256 0
12 13 66273 1
17 27 66576 0
10 16 66579 1
11 19 66585 0
21 24 66466 0
16 24 66472 1
10 21 66502 0
16 15 66511 0
16 28 66514 0
14 16 66548 0
8 25 66864 1
17 28 66894 0
21 25 66900 0
10 14 66939 1
12 28 66746 0
14 12 66764 1
11 25 66790 1
17 22 66797 1
12 18 66988 0
13 25 67019 1
18 15 67033 0
20 9 67066 1
16 16 67346 0
9 20 67233 1
18 13 67234 1
13 12 67326 1
11 14 67598 1
18 27 67605 0
14 25 67548 1
8 17 67583 1
15 29 67911 0
9 15 67780 1
14 17 67783 0
18 26 67791 0
13 29 67813 0
11 28 68131 0
13 17 68221 0
9 21 67978 1
14 10 68010 1
14 9 68032 1
15 9 68040 1
9 16 68041 1
20 26 68363 0
11 19 68400 0
11 12 68248 1
12 12 68253 1
8 23 68316 1
14 28 68639 0
14 11 68690 1
8 22 68692 1
8 19 68698 1
17 23 68721 1
15 16 68733 0
14 24 68557 1
19 26 68878 0
12 25 68893 1
15 15 68901 0
10 15 68902 1
17 26 68972 0
20 19 68750 1
11 15 68781 1
13 24 68794 1
13 16 68797 0
17 14 68803 0
11 13 68835 1
18 23 69157 1
17 15 69179 0
23 20 69245 0
11 22 69031 0
19 22 69054 1
13 15 69055 0
8 24 69059 1
22 19 69110 0
20 18 69377 1
19 18 69396 1
15 10 69402 1
23 21 69261 0
15 8 69326 1
21 20 69372 1
15 24 69634 1
16 28 69658 0
20 25 69682 0
18 21 69734 1
19 20 69521 1
10 17 69541 1
17 28 69568 0
19 27 69898 0
20 21 69904 1
19 21 69933 1
12 19 69934 0
14 29 69958 0
10 16 69986 1
16 15 69763 0
9 19 69840 1
15 28 69842 0
22 22 69855 0
11 18 70167 0
16 24 70043 1
9 18 70062 1
12 18 70086 0
19 13 70458 1
12 13 70459 1
20 20 70460 1
18 28 70476 0
12 14 70508 1
7 23 70281 1
16 9 70290 1
11 20 70306 0
18 27 70396 0
18 30 70687 1
8 21 70697 1
13 18 70560 0
8 16 70582 1
13 17 70613 0
20 17 70648 1
11 19 70965 0
22 24 70896 0
21 24 71288 0
23 22 71088 0
13 25 71438 1
9 17 71300 1
22 23 71314 0
23 18 71418 0
20 26 71566 0
18 30 71630 1
19 26 71677 0
9 24 71988 1
16 23 71842 1
21 26 71848 0
24 20 71934 0
15 16 72228 0
23 19 72236 0
14 12 72243 1
14 17 72185 0
17 15 72530 0
21 25 72344 0
20 22 72355 1
11 21 72719 0
11 14 72749 1
23 21 72799 0
17 24 72649 1
21 19 72684 1
9 26 72694 1
17 11 72971 0
15 29 72998 0
19 25 72938 0
8 18 73241 1
16 16 73338 0
9 20 73140 1
18 30 73566 1
9 21 73591 1
10 21 73354 0
17 23 73430 1
16 28 73438 0
10 15 73759 1
13 12 73774 1
12 12 73800 1
22 21 73851 0
23 20 73629 0
20 21 74005 1
22 18 74040 0
8 23 74041 1
14 25 74096 1
14 16 73882 0
10 16 73894 1
13 11 73895 1
17 12 73900 0
14 11 74277 1
8 25 74364 1
9 23 74192 1
14 29 74205 0
13 17 74221 0
22 17 74420 0
8 22 74460 1
20 25 74870 0
15 15 74874 0
13 13 75098 1
18 23 75358 1
9 22 75228 1
23 23 75571 0
12 27 75635 0
20 26 75519 0
22 24 75680 0
8 24 75686 1
21 20 75714 1
19 22 75726 1
23 22 75757 0
17 16 76053 0
24 21 76077 0
12 19 76080 0
21 23 76355 0
15 24 76399 1
9 16 76170 1
11 16 76193 1
17 28 76201 0
23 18 76603 0
23 21 76461 0
19 27 76514 0
23 19 76539 0
22 23 76867 0
10 17 76714 1
15 25 77178 1
11 22 76960 0
11 20 76995 0
9 19 77325 1
15 10 77406 1
14 10 77407 1
21 25 77202 0
15 16 77290 0
21 15 77634 0
19 23 77678 1
13 27 78383 0
7 15 78386 0
16 25 78400 1
17 15 78406 0
20 24 78452 0
23 17 78265 0
12 26 78480 1
18 26 78493 0
4 33 78897 1
13 18 78901 0
11 15 79346 1
12 17 79671 0
9 18 79711 1
8 20 79890 1
15 17 80113 0
11 23 80760 0
18 15 80849 0
17 11 80882 0
22 11 80893 1
19 17 81221 1
9 15 81312 1
17 24 82335 1
10 15 82596 1
7 15 82627 0
20 16 82931 1
20 26 83213 0
25 9 84763 1
17 10 85416 0
23 19 86806 0
7 15 89239 1
7 16 89797 1
20 18 91374 1
20 17 92237 1
8 26 92452 1
18 14 92347 0
18 15 92612 1
22 16 92901 0
18 13 93467 0
19 14 93870 0
15 7 94994 1
18 7 94996 1
22 17 95133 0
21 16 95760 0
13 14 95996 0
21 18 96809 1
9 24 96753 1
7 15 97163 0
21 15 98156 0
20 23 98170 0
23 17 97954 0
20 14 97956 0
11 21 99056 0
17 28 99224 1
21 19 100360 1
11 25 100416 0
9 25 100709 1
9 26 101065 1
10 27 101458 1
14 6 101746 1
19 16 102234 1
17 15 102081 1
13 29 102129 1
19 13 102549 0
8 23 102943 1
18 11 103104 0
23 18 103901 0
18 15 104751 1
11 22 105152 0
21 14 105502 0
20 19 105541 1
18 30 105372 0
17 10 105803 0
11 24 105844 0
17 12 105984 0
20 20 105963 1
16 28 106279 1
31 30 106565 1
20 17 106570 1
11 20 106755 0
11 23 106711 0
18 30 107285 0
14 4 107324 1
9 23 107232 1
7 15 107543 0
20 16 107402 1
21 25 107508 0
11 21 107987 0
10 18 108308 1
22 23 109093 0
9 17 109588 1
18 12 109449 0
9 21 109534 1
28 28 109943 1
7 22 109805 1
24 20 110349 0
18 28 110382 0
22 16 110693 0
8 24 110700 1
20 21 110530 1
8 21 110852 1
9 20 110912 1
11 22 110973 0
27 31 111043 1
9 24 111088 1
9 22 111710 1
23 16 111540 0
30 33 111880 1
24 18 112039 0
23 21 112477 0
11 25 112501 0
21 17 112307 1
24 19 112363 0
11 13 112753 1
11 23 112589 0
10 16 112598 1
9 19 112951 1
11 24 112833 0
12 14 113190 1
10 14 113236 1
8 22 113060 1
11 20 113085 0
17 28 113150 0
22 15 113326 0
23 20 113347 0
8 25 113758 1
10 26 113637 1
18 11 113985 0
21 20 113886 1
11 21 114192 0
22 25 114207 0
12 18 114087 0
20 13 114453 0
7 15 114532 1
10 17 114765 1
12 28 114654 1
23 19 115012 0
22 24 115022 0
21 18 114831 1
20 22 114939 1
24 22 115128 0
21 26 115489 0
12 13 115521 1
9 25 115404 1
17 11 115773 0
14 12 115810 1
24 21 115648 0
24 20 115656 0
23 22 115704 0
11 22 115841 0
20 18 115843 1
21 21 115856 1
11 28 115884 1
9 23 116296 1
9 26 116310 1
18 13 116148 0
21 19 116558 1
12 20 116799 0
23 17 116814 0
18 10 116846 0
11 16 116642 1
10 18 116734 1
21 14 116995 0
11 14 117017 1
11 27 116969 1
12 19 117320 0
21 25 117504 0
11 15 117600 1
15 10 117387 1
10 27 117448 1
9 24 117494 1
20 16 117766 1
18 12 117786 0
22 25 117799 0
24 17 117853 0
20 17 118046 1
9 18 118087 1
14 11 118103 1
13 18 117964 0
23 23 117969 0
7 15 118291 1
25 20 118327 0
18 27 118211 0
18 22 118258 1
10 15 118568 1
9 22 118429 1
11 23 118437 0
21 24 118472 0
12 21 118482 0
13 17 118796 0
24 18 118869 0
11 24 118883 0
10 26 118662 1
12 25 118691 0
15 11 118742 1
18 24 119079 1
22 15 119111 0
22 16 119119 0
18 23 119008 1
18 11 119360 0
22 23 119399 0
9 21 119409 1
12 22 119417 0
21 20 119183 1
23 18 119217 0
19 27 119248 0
12 14 119586 1
22 14 119599 0
22 24 119612 0
25 19 119682 0
21 17 119733 1
15 14 120072 0
21 18 120165 1
24 21 120172 0
10 17 119965 1
19 17 120039 1
10 19 120063 1
24 19 120345 0
10 5 120399 1
18 28 120243 0
10 28 120283 1
23 21 120633 0
20 27 120664 0
24 20 120465 0
16 10 120492 1
1 13 120530 1
13 13 120844 1
23 24 120845 0
12 20 120902 0
10 20 120910 1
16 16 120798 0
18 12 121103 0
9 23 121192 1
23 16 121048 0
18 10 121406 0
24 22 121447 0
21 14 121467 0
24 18 121264 0
19 11 121297 0
9 24 121337 1
22 15 121609 0
21 26 121725 0
21 19 121527 1
20 16 121919 1
20 22 121952 1
14 13 121972 1
19 13 121743 0
12 19 121748 0
22 25 121752 0
10 18 121764 1
18 11 121771 0
20 21 121811 1
11 22 121823 0
13 18 121832 0
11 16 122175 1
10 16 122220 1
19 23 121990 1
14 17 122004 0
24 21 122040 0
15 16 122065 0
19 15 122399 1
10 26 122403 1
10 25 122288 1
12 26 122319 0
24 17 122359 0
9 27 122671 1
13 14 122720 1
25 20 122722 0
9 20 122521 1
19 12 122526 0
21 21 122597 1
7 21 122599 1
22 26 122599 0
12 24 122904 0
22 16 122919 0
12 15 122959 1
11 27 122980 1
15 12 122988 1
14 12 123006 1
23 22 123007 0
12 21 122758 0
20 17 122832 1
13 19 122832 0
23 23 122866 0
10 27 123035 1
20 15 123078 1
23 17 123090 0
22 19 123090 1
24 19 123096 0
11 21 123121 0
12 23 123124 0
22 20 123429 1
12 13 123462 1
9 22 123271 1
17 27 123292 0
9 25 123353 1
24 18 123691 0
22 15 123724 0
22 24 123746 0
21 17 123761 1
10 21 123535 1
11 15 123940 1
22 25 123985 0
12 22 124031 0
12 25 123794 0
22 18 123819 1
22 14 123855 0
12 20 123871 0
18 13 124258 0
13 29 124259 1
16 15 124047 0
10 22 124115 1
23 16 124121 0
21 14 124148 0
18 10 124419 0
15 10 124422 1
11 17 124423 1
15 9 124436 1
12 27 124438 1
21 18 124454 1
24 21 124506 0
11 24 124532 0
20 14 124366 0
21 20 124407 1
12 29 124747 1
8 23 124565 1
11 18 125007 1
24 22 124926 0
25 19 125189 0
16 11 125197 1
24 20 125267 0
10 20 125129 1
10 23 125548 1
13 18 125323 0
16 16 125393 0
12 21 125422 0
10 17 125426 1
14 18 125713 0
23 24 125744 0
10 24 125778 1
17 9 125578 0
20 13 125625 0
12 28 125644 1
18 24 125678 1
12 19 126017 0
23 15 126042 0
9 23 125891 1
12 24 125897 0
12 23 125902 0
16 10 125912 1
19 21 126238 1
23 23 126085 0
9 24 126092 1
12 20 126115 0
13 28 126178 1
18 11 126183 0
12 14 126191 1
24 16 126486 0
10 26 126508 1
18 9 126586 0
21 25 126588 0
24 19 126362 0
12 22 126379 0
22 15 126416 0
20 20 126732 1
19 11 126775 0
10 19 126787 1
11 19 126811 1
24 17 126812 0
24 18 126825 0
19 13 126681 0
21 13 126693 0
19 10 126701 0
21 17 127016 1
9 21 127048 1
10 25 126883 1
11 26 126924 1
9 26 126926 1
12 16 127250 1
11 28 127260 1
12 25 127307 0
18 10 127341 0
10 18 127123 1
21 19 127231 1
18 27 127558 0
11 27 127365 1
22 21 127366 1
19 12 127454 0
20 16 127469 1
21 16 127479 1
25 18 127480 0
21 22 127753 1
12 21 127791 0
22 14 127842 0
13 14 127619 1
14 29 127619 1
23 16 127643 0
13 14 127703 1
25 19 128016 0
25 21 127876 0
23 17 127932 0
13 25 128145 0
22 25 128170 0
21 14 128243 0
12 20 128538 0
14 17 128613 0
12 24 128633 0
10 27 128393 1
20 15 128394 1
12 23 128428 0
12 15 128819 1
22 19 128827 1
17 19 128838 1
22 18 128676 1
12 22 128680 0
11 16 129059 1
25 20 129094 0
10 22 128952 1
13 13 128985 1
18 12 128989 0
24 21 129298 0
19 23 129330 1
18 23 129340 1
22 24 129170 0
17 13 129200 0
22 20 129563 1
19 16 129568 1
23 15 129608 0
14 28 129625 1
11 18 129412 1
19 11 129455 0
19 10 129463 0
24 17 129509 0
11 17 129523 1
20 12 129523 0
21 18 129855 1
25 17 129676 0
9 25 129749 1
12 27 129755 1
20 13 129791 0
10 21 130071 1
17 24 130086 1
22 14 130112 0
23 23 130151 0
10 23 129997 1
10 24 130215 1
19 12 130552 0
15 11 130556 1
18 10 130865 0
23 16 130903 0
17 15 130931 0
11 26 131072 1
18 9 131136 0
24 16 131182 0
11 27 131184 1
21 17 130954 1
12 21 131007 0
13 28 131013 1
25 19 131367 0
10 26 131400 1
24 18 131449 0
9 23 131222 1
13 25 131282 0
9 22 131593 1
10 25 131457 1
21 13 131527 0
23 14 131528 0
22 17 131562 1
12 28 131583 1
12 23 131728 0
21 16 131779 1
12 24 131800 0
19 15 131815 1
12 22 131830 0
15 24 132096 0
12 20 132208 0
25 18 132022 0
24 19 132081 0
21 15 132413 1
24 17 132432 0
21 21 132261 1
13 29 132277 1
13 24 132320 0
23 15 132618 0
13 23 132660 0
22 14 132669 0
13 21 132505 0
19 9 132514 0
15 29 132575 1
11 19 132755 1
22 18 133154 1
10 20 133221 1
19 10 133019 0
13 22 133035 0
20 15 133038 1
16 24 133064 0
10 17 133111 1
23 18 133443 1
25 21 133453 0
24 16 133253 0
12 27 133314 1
22 23 133665 0
19 13 133704 0
20 13 133718 0
20 12 133513 0
10 19 133562 1
19 11 133575 0
14 28 133607 1
17 28 133618 1
25 19 133967 0
22 13 133975 0
23 16 133833 0
13 25 133837 0
11 26 133846 1
17 9 133854 0
25 17 134181 0
23 14 134253 0
22 19 134265 1
18 9 134018 0
13 20 134023 0
11 18 134094 1
16 10 134140 1
11 22 134418 1
19 12 134426 0
14 29 134453 1
24 23 134299 0
20 23 134308 1
10 22 134308 1
22 17 134636 1
11 17 134644 1
10 23 134938 1
23 23 134944 0
11 25 134956 1
21 13 135011 0
20 10 135022 0
20 11 135039 0
18 16 134810 1
12 12 135177 1
10 24 135183 1
13 28 135282 1
23 15 135286 0
13 15 135045 1
11 27 135057 1
19 9 135092 0
13 19 135116 0
24 16 135151 0
22 14 135434 0
13 27 135331 1
25 18 135341 0
12 17 135408 1
24 17 135567 0
19 10 135573 0
21 12 135574 0
21 16 135654 1
10 16 135956 1
23 14 135964 0
20 14 135977 1
13 24 135978 0
16 25 136023 0
25 20 135849 0
16 24 136290 0
21 15 136084 1
22 13 136145 0
14 27 136157 1
25 17 136161 0
26 20 136481 0
18 15 136545 1
20 12 136358 0
19 14 136716 1
19 11 136790 0
26 19 136595 0
14 28 136610 1
11 21 136638 1
18 9 136646 0
25 19 136660 0
22 20 136970 1
11 20 136974 1
14 24 136981 0
12 22 137006 0
17 24 137052 0
18 24 137084 0
11 26 137277 1
12 27 137339 1
10 21 137095 1
20 15 137136 1
10 25 137146 1
19 9 137174 0
24 16 137189 0
23 15 137213 0
23 14 137529 0
23 24 137432 0
14 25 137443 0
17 28 137444 1
13 23 137469 0
21 13 137793 0
15 28 137809 1
15 29 137820 1
23 25 137843 0
25 16 137606 0
13 21 137712 0
18 10 137987 0
25 18 137993 0
22 12 138053 0
22 18 137861 1
12 28 137942 1
12 21 137953 0
21 12 137965 0
17 27 137968 1
22 17 137982 1
19 15 137983 1
24 15 138277 0
19 10 138352 0
23 13 138141 0
17 25 138170 0
9 24 138205 1
12 26 138513 1
26 18 138518 0
25 17 138553 0
19 12 138567 0
22 13 138596 0
13 24 138378 0
20 14 138386 1
13 22 138390 0
15 24 138428 0
14 27 138480 1
18 27 138491 1
23 18 138491 1
11 25 138876 1
13 28 138974 1
19 14 139324 1
21 15 139355 1
16 24 139366 0
20 12 139368 0
22 16 139389 1
20 10 139146 0
14 24 139257 0
21 26 139565 1
18 9 139622 0
18 28 139422 1
9 21 139463 1
11 18 139479 1
12 18 139794 1
22 25 139795 1
23 15 139840 0
17 24 139853 0
13 19 139863 0
20 11 139888 0
19 9 139653 0
18 8 139760 0
13 20 139764 0
21 16 140062 1
14 28 140108 1
11 24 140133 1
19 11 139912 0
15 25 139937 0
15 28 140368 1
13 27 140173 1
22 12 140203 0
18 23 140216 0
19 23 140260 0
16 16 140550 1
25 16 140574 0
18 24 140605 0
11 26 140458 1
12 27 140484 1
21 12 140525 0
14 27 140827 1
23 13 140686 0
13 23 140779 0
13 24 140780 0
20 14 140796 1
11 22 141076 1
20 9 141088 0
24 22 141118 0
16 28 141138 1
18 27 140973 1
14 29 140991 1
25 18 140993 0
24 15 141028 0
18 14 141317 1
21 14 141319 1
22 13 141320 0
21 13 141186 0
26 17 141303 0
15 24 141573 0
23 14 141589 0
13 21 141624 0
15 16 141663 1
24 14 141664 0
22 19 141682 1
17 8 141517 0
22 17 141525 1
25 17 141556 0
17 27 141880 1
14 24 141885 0
22 15 141921 1
13 22 141708 0
19 14 141733 1
12 26 141734 1
17 28 142367 1
19 27 142385 1
11 17 142394 1
22 12 142408 0
18 8 142429 0
10 23 142451 1
16 23 142260 0
16 24 142307 0
17 24 142634 0
18 15 142651 1
20 15 142652 1
20 12 142679 0
22 25 142701 1
21 11 142712 0
17 23 142482 0
22 16 142515 1
20 16 142568 1
19 8 142569 0
25 16 142590 0
23 13 142890 0
21 12 142905 0
15 28 142907 1
14 25 142969 0
24 16 142778 0
11 16 142825 1
21 15 142825 1
9 23 143104 1
15 11 143155 0
14 27 143168 1
21 18 143169 1
19 9 143181 0
13 19 143229 0
18 23 143015 0
26 18 143027 0
12 17 143034 1
20 17 143087 1
21 21 143087 0
13 26 143395 1
20 11 143398 0
11 25 143416 1
21 19 143427 1
13 24 143428 0
20 14 143444 1
16 15 143448 1
19 23 143276 0
12 16 143336 1
18 27 143624 1
11 27 143652 1
10 22 143652 1
14 12 143679 0
24 15 143522 0
13 20 143539 0
22 11 143551 0
14 24 143920 0
16 28 143744 1
15 24 143837 0
10 24 143839 1
13 23 143840 0
17 27 144216 1
13 27 144023 1
25 15 144392 0
17 9 144420 0
21 14 144445 1
18 8 144457 0
18 9 144480 0
21 26 144481 1
16 16 144297 1
11 23 144305 1
24 14 144324 0
18 7 144649 0
23 19 144654 1
16 23 144655 0
19 14 144732 1
23 13 144740 0
14 28 144749 1
17 23 144514 0
13 22 144615 0
23 12 144616 0
20 10 144953 0
22 13 144960 0
22 12 144977 0
13 21 144987 0
15 23 144987 0
15 27 144810 1
21 12 145152 0
25 16 145175 0
12 26 145242 1
21 11 145268 0
22 15 145097 1
19 8 145469 0
18 23 145527 0
17 15 145284 1
16 15 145291 1
22 25 145309 1
12 25 145314 1
16 27 145398 1
18 14 145700 1
10 21 145703 1
15 28 145716 1
21 25 145737 1
14 23 145753 0
21 16 145784 1
19 10 145595 0
15 12 145622 0
14 27 145641 1
20 9 145926 0
14 13 145937 0
11 24 145938 1
16 10 145942 0
15 16 145967 1
22 14 145988 1
19 27 145846 1
14 17 145875 1
21 21 146234 0
14 11 146292 0
18 27 146080 1
13 26 146085 1
20 11 146148 0
22 11 146439 0
14 24 146452 0
24 15 146462 0
24 14 146482 0
20 23 146487 0
18 22 146489 0
17 27 146496 1
23 16 146497 1
22 16 146529 1
19 23 146530 0
18 8 146400 0
17 24 146725 0
22 20 146734 0
25 15 146737 0
20 26 146776 1
11 26 146787 1
20 22 146787 0
16 11 146574 0
18 28 146590 1
20 13 146593 1
16 23 146594 0
23 13 146659 0
20 8 146665 0
15 24 146965 0
26 15 146969 0
16 28 146998 1
21 22 147009 0
18 7 147014 0
22 12 147023 0
15 11 147068 0
17 23 146831 0
19 22 146834 0
13 23 146900 0
26 17 147281 0
17 8 147302 0
25 17 147086 0
23 12 147090 0
17 14 147185 1
21 10 147474 0
21 11 147479 0
11 11 147495 1
11 21 147495 1
11 25 147543 1
16 15 147410 1
18 13 147417 1
17 28 147772 1
15 23 147773 0
25 16 147810 0
15 27 147817 1
13 20 147835 0
15 26 147606 1
20 10 147656 0
13 22 147688 0
21 14 147690 1
20 14 147693 1
14 26 147693 1
16 27 147977 1
22 24 147993 1
23 17 147995 1
19 8 148049 0
18 23 148095 0
13 19 147890 0
16 24 147892 0
12 20 147925 0
22 11 148106 0
24 14 148145 0
15 10 148160 0
13 25 148179 1
12 25 148188 1
13 27 148188 1
14 23 148481 0
18 22 148505 0
22 15 148352 1
19 26 148368 1
21 24 148418 1
17 27 148451 1
20 27 148473 1
13 21 148760 0
19 13 148824 1
11 22 148861 1
17 22 148862 0
20 21 148613 0
25 15 148637 0
12 26 148638 1
21 25 148669 1
18 7 148702 0
13 26 149013 1
20 13 149102 1
22 14 149112 1
23 12 149114 0
23 11 148883 0
15 17 148902 1
11 23 148965 1
16 23 148968 0
24 22 149299 1
18 8 149348 0
14 16 149353 1
15 16 149127 1
10 19 149153 1
21 20 149179 0
22 26 149225 1
19 7 149234 0
13 28 149510 1
18 14 149529 1
17 10 149555 0
14 17 149615 1
23 16 149625 1
20 11 149625 0
14 27 149418 1
18 27 149445 1
25 14 149445 0
21 21 149493 0
24 15 149786 0
16 15 149789 1
19 22 149789 0
15 23 149795 0
21 11 149814 0
16 10 149829 0
17 23 149850 0
24 13 149698 0
16 27 149726 1
17 15 150032 1
22 11 150055 0
20 8 150056 0
18 22 150062 0
26 17 150122 0
15 26 150132 1
22 20 150134 0
19 14 149913 1
23 24 149951 1
13 14 150316 0
22 24 150321 1
15 28 150343 1
14 26 150358 1
15 27 150393 1
13 25 150166 1
25 21 150188 1
21 15 150203 1
20 9 150205 0
14 23 150597 0
17 22 150638 0
26 16 150644 0
21 10 150652 0
14 12 150408 0
17 14 150433 1
20 10 150436 0
20 22 150440 0
18 26 150476 1
20 20 150480 0
24 14 150485 0
18 13 150526 1
15 10 150802 0
19 27 150824 1
23 12 150863 0
21 26 150662 1
17 26 150697 1
15 24 150697 0
18 7 150748 0
17 9 150769 0
25 15 150770 0
16 16 151078 1
16 28 151118 1
21 24 151135 1
11 24 151166 1
19 21 151166 0
18 15 150974 1
19 8 150993 0
23 13 151008 0
12 25 151350 1
19 26 151354 1
16 9 151380 0
20 13 151401 1
19 7 151414 0
17 27 151169 1
16 22 151561 0
14 11 151574 0
20 7 151576 0
15 23 151587 0
18 22 151607 0
12 24 151608 1
25 20 151633 1
19 13 151650 1
25 16 151667 0
26 15 151430 0
22 11 151437 0
19 9 151475 0
16 23 151479 0
21 20 151525 0
15 11 151551 0
21 9 151831 0
22 21 151686 0
19 22 151695 0
16 27 151728 1
18 23 151784 0
16 15 152092 1
19 15 152117 1
22 14 152168 1
13 26 151940 1
20 25 151968 1
22 16 151987 1
15 26 151999 1
15 22 152020 0
13 25 152331 1
21 25 152340 1
17 22 152352 0
14 16 152365 1
23 11 152381 0
21 14 152427 1
16 10 152217 0
21 13 152238 1
22 13 152277 1
22 24 152278 1
14 23 152314 0
24 12 152595 0
20 26 152616 1
22 15 152469 1
15 15 152473 1
20 21 152474 0
22 10 152491 0
25 14 152836 0
24 21 152847 1
13 22 152882 0
13 23 152955 0
19 7 152714 0
23 12 152781 0
14 26 152818 1
12 26 152831 1
24 13 152831 0
22 20 153096 0
15 27 153132 1
14 25 153134 1
11 25 153145 1
11 23 153145 1
15 10 153187 0
21 10 153199 0
16 26 153214 1
17 8 152975 0
25 15 153054 0
11 22 153077 1
23 16 153349 1
15 16 153360 1
18 7 153360 0
26 17 153362 0
21 24 153381 1
8 24 153389 1
17 14 153389 1
19 23 153401 0
18 22 153296 0
21 12 153603 1
13 27 153603 1
20 10 153606 0
15 23 153638 0
18 13 153641 1
23 15 153667 1
18 14 153694 1
20 24 153707 1
16 22 153481 0
19 25 153516 1
22 25 153536 1
12 16 153537 1
21 11 153550 0
14 21 153567 0
17 26 153858 1
14 17 153890 1
19 12 153920 1
14 22 153783 0
24 22 153824 1
19 21 153835 0
23 14 153843 1
23 24 153845 1
19 26 153849 1
22 11 153995 0
20 9 154023 0
13 21 154068 0
20 7 154085 0
19 22 154093 0
18 26 154109 1
20 8 154377 0
21 20 154397 0
17 13 154425 1
19 13 154445 1
20 13 154445 1
20 12 154489 1
15 26 154243 1
13 25 154285 1
10 25 154289 1
17 22 154290 0
22 10 154295 0
23 11 154330 0
16 27 154341 1
16 14 154631 1
16 14 154632 1
19 7 154635 0
18 8 154696 0
16 8 154731 0
16 9 154548 0
20 20 154596 0
14 23 154598 0
15 9 154922 0
16 23 154985 0
20 11 154996 0
14 16 154765 1
15 22 154778 0
12 24 154858 1
21 19 155182 0
12 25 155241 1
25 19 155242 1
17 21 155012 0
25 14 155069 0
22 24 155069 1
16 26 155071 1
21 21 155083 0
21 24 155132 1
17 7 155435 0
13 12 155456 0
17 15 155470 1
21 10 155274 0
22 19 155321 0
18 12 155671 1
19 6 155714 0
22 14 155735 1
22 13 155771 1
16 10 155564 0
23 25 155570 1
14 25 155580 1
17 9 155603 0
25 13 155641 0
21 12 155939 1
14 11 155946 0
19 25 155963 1
16 22 155997 0
22 10 156011 0
15 10 156022 0
17 14 155801 1
21 9 155808 0
24 13 155817 0
14 12 155858 0
20 21 155865 0
20 22 155893 0
19 12 156172 1
23 12 156193 0
26 16 156194 0
12 23 156198 1
24 21 156224 1
18 13 156240 1
14 22 156253 0
17 26 156132 1
21 25 156142 1
22 23 156157 1
25 20 156472 1
11 20 156479 1
20 25 156480 1
21 13 156495 1
24 12 156524 0
23 15 156542 1
15 15 156543 1
15 27 156543 1
19 7 156330 0
19 21 156333 0
23 11 156351 0
26 14 156687 0
18 7 156725 0
20 12 156776 1
14 13 156559 0
11 21 156565 1
22 9 156584 0
16 15 156598 1
23 14 156931 1
12 13 156969 0
22 20 157012 0
13 24 157017 1
11 24 157027 1
21 23 157046 1
17 21 156809 0
20 24 156927 1
18 6 157197 0
14 10 157222 0
21 20 157225 0
16 26 157250 1
15 26 157252 1
17 13 157253 1
14 20 157272 0
13 11 157299 0
18 22 157089 0
19 26 157135 1
10 26 157441 1
22 10 157442 0
15 22 157475 0
15 23 157487 0
19 6 157513 0
14 26 157351 1
13 26 157410 1
13 25 157429 1
17 25 157721 1
25 19 157741 1
20 6 157769 0
19 20 157819 0
10 20 157615 1
19 13 157623 1
25 14 157629 0
16 14 157634 1
21 10 157657 0
19 25 157680 1
22 12 157971 1
13 19 157973 0
15 9 157994 0
21 19 157996 0
18 21 157916 0
16 9 157945 0
22 15 158224 1
21 24 158227 1
23 23 158246 1
19 12 158280 1
17 8 158289 0
20 20 158326 0
23 19 158108 0
21 12 158150 1
18 26 158161 1
14 22 158165 0
14 21 158496 0
18 25 158501 1
14 25 158514 1
16 22 158515 0
13 20 158520 0
20 10 158523 0
12 24 158536 1
25 13 158561 0
11 23 158570 1
17 22 158336 0
20 9 158342 0
27 16 158413 0
22 19 158440 0
20 8 158443 0
23 22 158444 1
18 12 158727 1
19 21 158757 0
14 24 158791 1
13 13 158792 0
20 7 158811 0
17 26 158837 1
18 14 158643 1
21 11 158673 1
15 16 158696 1
11 22 158702 1
22 10 158714 0
25 15 159004 0
15 14 159008 1
20 26 159054 1
22 24 158884 1
23 11 158929 0
22 23 158938 1
18 30 158940 1
20 12 158964 1
17 21 159288 0
19 6 159348 0
21 9 159350 0
16 26 159106 1
24 21 159202 1
16 8 159217 0
12 22 159497 1
17 14 159499 1
18 13 159511 1
17 13 159521 1
20 21 159559 0
24 13 159565 0
22 13 159581 1
19 7 159598 0
24 12 159360 0
13 24 159370 1
26 15 159807 0
21 23 159685 1
14 11 159707 0
14 16 159729 1
19 25 159736 1
22 9 160006 0
15 21 160028 0
22 14 159903 1
12 23 159977 1
20 25 160356 1
18 21 160357 0
25 21 160364 1
17 7 160365 0
17 6 160370 0
24 11 160381 0
23 15 160155 1
15 15 160158 1
18 30 160173 1
23 14 160228 1
20 24 160253 1
18 6 160255 0
15 10 160547 0
15 25 160548 1
17 25 160564 1
16 21 160577 0
13 18 160638 0
23 13 160392 1
16 27 160413 1
19 8 160415 0
12 26 160781 1
21 19 160813 0
14 22 160817 0
15 22 160868 0
15 9 160869 0
25 14 160881 0
19 5 160641 0
22 10 160662 0
23 18 160746 0
21 13 160759 1
16 13 160761 1
21 11 160761 1
26 16 161032 0
23 22 161057 1
24 22 161071 1
13 23 161071 1
18 9 161082 0
19 12 161091 1
20 11 161124 1
25 13 161143 0
18 12 160904 1
26 13 160960 0
23 10 161014 0
14 21 161313 0
20 6 161331 0
14 24 161406 1
19 21 161194 0
20 13 161201 1
20 20 161252 0
18 25 161555 1
21 12 161558 1
21 9 161620 0
19 20 161627 0
24 23 161424 1
22 23 161465 1
26 14 161470 0
17 13 161472 1
16 22 161494 0
22 12 161511 1
22 19 161810 0
19 6 161858 0
18 20 161708 0
21 20 161728 0
16 14 161757 1
16 9 161775 0
17 21 162098 0
14 25 162118 1
17 15 162122 1
13 31 162146 1
12 21 162010 1
19 11 162013 1
21 23 162374 1
25 19 162395 1
22 9 162205 0
22 18 162236 0
19 26 162256 1
13 12 162286 0
21 8 162294 0
13 24 162596 1
13 27 162643 1
14 15 162651 1
16 25 162460 1
18 21 162465 0
15 14 162554 1
17 8 162906 0
16 26 162930 1
18 26 162699 1
19 25 162700 1
15 8 162702 0
18 30 162713 1
12 24 162730 1
23 24 162733 1
24 20 162761 1
17 25 162778 1
17 20 163185 0
21 11 163197 1
20 19 163023 0
15 27 163025 1
24 12 163047 0
19 13 163377 1
20 11 163421 1
23 22 163218 1
15 21 163315 0
25 13 163321 0
21 25 163622 1
23 9 163640 0
21 18 163711 0
20 12 163469 1
20 5 163495 0
22 22 163495 1
16 13 163499 1
22 13 163522 1
16 8 163562 0
20 8 163567 0
16 21 163569 0
23 23 163578 1
19 5 163863 0
23 10 163890 0
12 22 163915 1
21 7 163944 0
22 10 163967 0
14 24 163743 1
21 24 163781 1
24 11 163782 0
14 10 163801 0
26 15 164101 0
21 19 164127 0
20 9 164186 0
20 24 164188 1
15 25 164205 1
13 23 164216 1
18 6 164221 0
21 9 164031 0
15 9 164070 0
25 12 164084 0
18 7 164404 0
17 13 164418 1
18 24 164440 1
12 23 164224 1
19 24 164302 1
15 24 164643 1
14 21 164678 0
19 20 164694 0
20 6 164695 0
24 10 164569 0
22 9 164594 0
13 13 164867 0
18 25 164879 1
17 12 164879 1
18 12 164893 1
21 23 164893 1
22 23 164899 1
23 13 164955 1
19 11 164991 1
22 11 164830 1
17 23 165168 0
19 6 165216 0
12 6 165230 1
14 19 165230 0
20 25 165415 1
19 12 165433 1
15 15 165444 1
23 14 165268 1
17 21 165293 0
19 21 165302 0
18 20 165641 0
25 20 165648 1
24 13 165648 0
11 21 165687 1
20 7 165702 0
17 26 165753 1
20 11 165515 1
18 21 165551 0
17 25 165607 1
14 20 165623 0
26 13 165908 0
21 11 165940 1
20 20 165942 0
12 20 165950 1
23 22 165951 1
17 7 165981 0
16 25 165767 1
22 18 165769 0
22 8 165852 0
21 6 165853 0
14 15 165868 1
19 5 166156 0
16 7 166202 0
22 19 166219 0
17 14 166239 1
15 14 166240 1
25 14 166067 0
26 14 166071 0
23 9 166072 0
20 21 166074 0
14 11 166075 0
12 12 166087 0
16 24 166128 1
13 24 166431 1
16 22 166491 0
17 20 166499 0
15 21 166296 0
25 13 166355 0
16 13 166373 1
17 9 166752 0
22 9 166768 0
26 12 166528 0
13 11 166534 0
22 22 166571 1
23 10 166590 0
18 5 166608 0
19 25 166648 1
24 11 166940 0
19 7 166966 0
18 8 166975 0
21 13 166815 1
14 24 167184 1
12 21 167239 1
18 24 167052 1
20 5 167091 0
22 12 167113 1
11 19 167127 1
13 23 167140 1
21 8 167151 0
18 11 167163 1
16 21 167460 0
10 21 167464 1
26 15 167464 0
23 15 167465 1
25 12 167469 0
24 12 167308 0
18 13 167747 1
19 20 167767 0
24 9 167785 0
15 8 167582 0
11 22 167613 1
24 10 167630 0
19 24 167668 1
18 20 167678 0
17 13 168013 1
21 18 168031 0
16 8 168058 0
15 24 167808 1
12 22 168193 1
22 11 168195 1
20 24 168223 1
22 24 168232 1
21 23 168305 1
21 9 168082 0
23 9 168106 0
14 21 168113 0
17 12 168151 1
21 19 168156 0
19 5 168161 0
19 11 168171 1
15 25 168180 1
14 25 168181 1
20 23 168458 1
20 11 168348 1
20 6 168411 0
22 23 168424 1
11 23 168733 1
24 15 168813 1
18 25 168819 1
26 13 168601 0
25 11 168687 0
15 9 168961 0
20 8 168985 0
20 19 168986 0
17 25 169034 1
22 9 169050 0
27 28 169081 1
15 21 168938 0
12 23 169257 1
23 21 169327 1
16 25 169144 1
23 13 169183 1
23 22 169184 1
17 20 169188 0
20 10 169523 1
20 7 169353 0
22 18 169400 0
20 5 169430 0
16 24 169454 1
18 14 169733 1
24 14 169749 1
11 20 169819 1
25 18 169830 1
26 18 169852 1
21 11 169852 1
24 11 169623 0
15 26 170026 1
25 12 170055 0
18 27 170082 1
24 22 170106 1
15 14 169875 1
21 7 169879 0
27 15 169962 0
12 15 169975 1
23 9 169975 0
16 9 169976 0
24 10 170241 0
26 14 170247 0
16 13 170266 1
22 8 170275 0
18 24 170323 1
23 12 170181 1
18 6 170208 0
21 8 170559 0
13 23 170619 1
19 20 170776 0
14 24 170807 1
22 22 170815 1
18 20 170633 0
26 12 171013 0
21 10 171023 1
23 10 171119 0
23 23 170905 1
19 5 170946 0
14 10 170954 0
12 24 171298 1
15 24 171354 1
18 26 171155 1
1 15 171206 1
19 24 171249 1
25 13 171548 0
15 23 171565 1
14 20 171614 0
18 5 171637 0
23 8 171443 0
19 23 171461 1
17 8 171497 0
21 5 171498 0
22 9 171810 0
17 26 171829 1
16 26 171884 1
5 14 171900 1
16 21 171662 0
22 11 171707 1
24 9 171752 0
26 13 171765 0
22 13 172040 1
17 20 172061 0
20 5 172077 0
23 18 172137 0
16 12 172145 1
14 23 171951 1
20 11 172347 1
15 21 172355 0
23 9 172400 0
18 21 172404 0
20 20 172193 0
12 22 172215 1
13 22 172222 1
19 4 172223 0
20 10 172227 1
12 21 172564 1
14 18 172579 0
16 10 172619 0
20 6 172533 0
25 12 172801 0
14 14 172817 1
13 24 172821 1
14 16 172867 0
24 10 172890 0
16 25 172893 1
17 12 172736 1
24 11 172766 0
16 20 173091 0
16 24 173132 1
23 14 173426 1
15 25 173209 1
19 10 173263 1
14 19 173456 0
23 13 173508 1
12 20 173516 1
20 25 173932 1
22 18 173713 0
25 11 173753 0
24 17 173771 0
17 7 173806 0
22 8 174133 0
11 21 174170 1
23 21 174191 1
21 10 174063 1
26 16 174341 0
26 15 174238 0
21 12 174281 1
22 12 174296 1
22 10 174700 1
21 22 174545 1
23 9 174569 0
21 6 174849 0
26 14 174935 0
15 20 174962 0
18 25 175001 1
26 12 175023 0
14 17 175032 0
17 24 175035 1
20 5 175377 0
15 24 175267 1
21 11 175305 1
15 23 175707 1
23 12 175498 1
21 8 175511 0
14 20 175526 0
19 20 175588 0
17 25 175990 1
19 11 176006 1
18 12 176044 1
21 19 176054 0
18 24 176055 1
16 14 176062 1
14 23 176070 1
24 10 176121 0
13 22 176390 1
21 20 176404 0
14 16 176444 0
25 10 176445 0
20 10 176475 1
18 20 176475 0
11 28 176495 1
19 23 176259 1
13 23 176304 1
24 13 176304 1
25 12 176349 0
26 13 176642 0
15 15 176689 1
19 24 176558 1
21 7 176559 0
20 23 176830 1
14 18 177180 0
23 11 177184 1
22 11 177198 1
16 24 177084 1
20 26 177400 1
17 20 177691 0
23 8 177980 0
16 25 177915 1
12 21 178188 1
12 19 178189 1
14 19 178211 0
12 22 178211 1
19 5 178230 0
11 18 178447 1
24 9 178475 0
19 19 178485 0
13 14 178322 1
20 11 178695 1
11 24 178773 1
24 14 178674 1
16 21 178874 0
11 19 178887 1
24 16 179211 1
1 13 179256 0
25 11 179291 0
23 9 179183 0
20 8 179361 0
15 14 179768 1
12 20 179592 1
6 28 179687 1
14 17 179986 0
16 15 180059 1
11 20 180306 1
12 18 180593 1
14 20 180381 0
15 20 180840 0
16 20 180841 0
26 12 180663 0
22 10 181267 1
17 24 181507 1
13 16 181581 1
21 5 181386 0
14 18 181887 0
33 2 181958 1
24 11 182010 0
27 13 182325 0
23 21 182346 1
17 19 182145 0
24 15 182576 1
7 15 182582 0
27 16 182420 0
27 15 182456 0
25 9 182467 0
20 4 182802 0
14 23 182747 1
22 23 183089 1
21 6 183090 0
31 2 183093 1
24 13 183364 1
27 14 183390 0
13 22 183183 1
14 19 183214 0
13 21 183514 1
15 24 183819 1
15 21 183926 0
22 8 184123 0
23 15 183998 1
30 0 184283 1
12 23 184524 1
15 23 184861 1
21 7 184861 0
23 11 184863 1
23 12 184939 1
11 15 184757 1
20 7 184768 0
24 9 185141 0
20 5 184990 0
14 16 185413 0
12 17 185287 1
14 15 185303 0
25 10 185701 0
13 13 185877 1
12 13 185896 1
15 25 186431 1
24 8 186489 0
23 16 186672 1
25 11 186697 0
25 19 186723 0
13 15 186602 1
19 24 187062 1
12 15 187077 1
29 0 187518 1
25 33 188179 1
26 16 188146 0
24 10 188372 0
20 6 188770 0
14 17 188647 0
12 22 189017 1
25 18 189207 0
18 30 189252 0
27 14 189430 0
14 10 190047 1
26 17 189826 0
23 21 190102 0
27 17 190791 0
18 30 190821 0
17 10 190599 0
8 5 190984 1
24 20 190904 0
27 12 190932 0
12 16 191554 1
27 16 191562 0
12 19 191569 1
7 14 191436 1
26 13 191623 0
14 18 191715 0
23 31 192059 1
25 19 191947 0
16 28 192180 1
27 15 192550 0
13 14 192589 1
12 14 193045 1
10 23 193578 1
15 18 193427 0
12 18 193481 1
24 16 193816 1
12 20 194336 1
1 10 194420 1
25 20 194866 0
15 9 194705 1
16 12 194785 0
18 12 195160 0
24 14 195426 1
14 11 195209 1
20 10 195215 0
22 22 195226 0
19 11 195231 0
26 18 195564 0
21 23 195831 0
7 15 196101 1
24 15 196108 1
13 12 196108 1
17 7 196071 1
24 21 196878 0
17 20 197180 1
17 12 197097 0
15 14 197427 0
16 25 197731 1
23 21 197903 0
18 24 197831 0
26 17 197847 0
13 16 198981 1
21 19 199165 1
19 23 199454 0
13 13 199477 1
15 19 199525 0
20 23 199416 0
19 10 199980 0
19 5 200279 1
27 13 200127 0
23 16 200503 1
13 11 200745 1
25 15 200885 1
13 15 200892 1
16 13 201578 0
18 20 201471 1
22 18 202249 1
12 27 202831 1
18 5 202629 1
20 9 203574 0
12 21 203606 1
21 6 203410 0
10 27 203683 1
20 19 204414 1
23 13 205443 1
14 29 206773 1
14 28 208453 1
18 6 208969 1
22 6 210823 0
30 15 213094 1
6 17 216346 1
13 27 216745 1
17 33 216999 1
10 18 218123 1
21 8 219784 0
21 5 220187 0
26 14 220203 0
21 13 220156 1
20 19 221246 0
24 13 221790 1
19 23 222628 1
18 24 223341 1
23 21 223407 1
26 12 224334 0
23 8 224336 0
25 10 224207 0
22 7 224547 0
14 22 225014 1
13 25 225021 1
24 21 225553 1
16 23 225948 1
21 7 225961 0
16 24 226177 1
18 30 226301 1
17 12 226303 1
21 23 226872 1
16 13 226970 1
18 19 227214 0
24 12 227623 1
18 20 227959 0
23 11 227762 1
18 30 227800 1
26 17 227821 1
22 22 227999 1
10 22 228001 1
20 23 228020 1
26 11 228063 0
22 18 228091 0
25 19 228427 1
19 4 229118 0
20 10 229667 1
8 11 230006 1
19 10 230692 1
13 21 230730 1
16 7 231271 0
17 24 231137 1
13 22 231745 1
18 30 232226 1
14 23 232322 1
19 23 232929 1
17 20 232948 0
17 7 233162 0
23 21 233193 1
21 10 233583 1
23 9 233346 0
14 11 233356 0
19 5 233729 0
13 11 234088 0
18 11 234242 1
23 23 234515 1
26 18 234585 1
22 17 234407 0
23 16 234813 0
13 12 234905 0
18 12 234966 1
25 19 234966 1
21 25 235137 1
15 9 235145 0
16 12 235250 1
24 16 235538 0
25 20 235473 1
15 14 235814 1
16 8 235858 0
17 6 235892 0
19 11 236038 1
24 14 236010 0
24 20 236393 1
21 18 236595 0
26 17 236597 1
18 5 236468 0
18 23 236500 1
12 18 236507 0
13 16 236515 0
14 9 236840 0
21 19 237083 0
20 19 237089 0
18 6 237014 0
24 21 237372 1
14 16 237193 1
16 13 237644 1
12 19 237687 0
12 16 237484 0
14 10 237498 0
21 6 237870 1
13 14 237917 0
15 8 237944 0
15 13 237707 1
18 24 238139 1
7 24 238182 1
13 11 238182 0
21 22 237965 1
18 4 238349 0
14 18 238327 1
13 10 238641 0
26 12 238644 1
27 15 238660 1
13 12 238469 0
22 18 238511 0
23 11 238584 0
12 20 238585 0
13 21 238858 0
24 9 238875 1
18 11 238879 1
21 23 238895 1
13 15 238928 0
17 12 238784 1
22 21 238786 1
24 15 238804 0
12 15 238841 0
12 13 238847 0
27 17 239140 1
16 12 239164 1
23 22 239167 1
15 9 239207 0
12 17 238987 0
14 16 238995 1
24 14 239063 0
14 17 239088 1
25 18 239399 1
24 20 239414 1
23 16 239237 0
14 14 239268 1
13 13 239628 0
15 10 239692 0
12 14 239693 0
12 21 239713 0
13 22 239714 0
14 19 239541 1
14 11 239547 0
26 13 239559 1
11 19 239907 0
19 10 239922 1
17 7 239932 0
15 7 239781 0
26 14 239787 1
14 15 239838 1
20 18 240207 0
23 13 240008 0
24 13 240040 0
12 18 240051 0
17 6 240076 0
12 19 240080 0
27 16 240430 1
22 22 240484 1
12 16 240507 0
26 15 240283 1
21 7 240310 1
20 7 240370 1
21 5 240639 1
26 17 240919 1
20 23 240933 1
20 6 240949 1
25 19 240980 1
23 14 241003 0
21 6 241006 1
24 16 240829 0
14 9 240838 0
16 24 241176 0
24 10 241179 1
23 12 241197 0
24 12 241266 0
23 17 241278 0
22 17 241042 0
17 5 241050 0
14 10 241054 0
14 18 241059 1
26 12 241123 1
0 29 241129 1
24 9 241131 1
15 23 241418 0
12 20 241427 0
16 7 241495 0
18 5 241498 0
20 5 241534 1
23 15 241534 0
23 11 241323 0
12 13 241333 0
13 11 241351 0
23 9 241387 1
21 8 241666 1
14 23 241750 0
14 17 241753 1
13 14 241774 0
21 18 241542 0
25 11 241575 1
22 11 241576 0
15 8 241577 0
14 8 241584 0
15 13 241620 1
23 21 241634 1
24 20 241954 1
11 19 241986 0
13 10 242029 0
14 16 242038 1
14 12 241816 0
14 12 241817 1
25 15 241817 0
24 14 241827 0
12 15 241847 0
24 15 241899 0
12 21 242208 0
13 22 242233 0
14 19 242275 1
26 13 242070 1
11 17 242103 0
22 12 242449 0
22 10 242453 0
26 14 242454 1
12 17 242459 0
13 21 242524 0
26 18 242556 1
25 18 242558 1
23 13 242322 0
16 20 242352 0
13 12 242355 0
23 16 242419 0
12 14 242765 0
15 14 242561 1
11 16 242562 0
26 16 242564 1
12 12 242599 0
14 15 242613 1
26 16 242621 1
11 20 242642 0
14 14 242683 1
23 8 243014 1
22 8 243051 1
16 23 243051 0
27 15 243064 1
21 17 242834 0
22 8 242853 1
14 22 242883 0
11 18 243207 0
20 7 243228 1
26 15 243075 1
12 16 243110 0
12 22 243160 0
21 10 243171 0
20 6 243189 1
11 15 243485 0
15 9 243559 0
23 12 243576 0
13 13 243375 0
17 13 243388 1
24 13 243389 0
23 14 243412 0
24 10 243802 1
16 12 243809 1
12 13 243596 0
18 6 243609 0
12 20 243641 0
17 7 243689 0
18 11 243706 1
20 5 243974 1
14 18 244032 1
11 19 243851 0
21 7 243911 1
22 11 244252 0
17 6 244256 0
14 20 244274 1
16 13 244308 1
27 13 244103 1
20 18 244122 0
12 19 244128 0
26 12 244135 1
14 9 244141 0
23 9 244201 1
12 11 244203 0
14 17 244547 1
26 14 244356 1
12 21 244392 0
15 23 244421 0
25 10 244455 1
25 17 244470 1
23 15 244759 0
23 13 244841 0
19 19 244613 0
25 11 244649 1
20 19 244698 0
12 18 244699 0
13 22 244726 0
11 17 244997 0
22 12 245045 0
14 19 245061 1
13 11 245114 0
21 6 244864 1
26 13 244872 1
14 23 244908 0
13 23 244920 0
12 15 244949 0
17 5 244986 0
22 10 244987 0
13 16 244988 1
25 18 245364 1
13 18 245141 1
13 10 245141 0
21 11 245186 0
24 11 245190 1
26 11 245191 1
24 19 245191 1
11 20 245240 0
24 20 245506 1
26 17 245564 1
21 8 245590 1
12 14 245604 0
20 6 245380 1
12 12 245407 0
11 18 245433 0
23 20 245470 1
15 13 245491 1
20 7 245764 1
11 21 245716 0
10 18 245720 0
15 24 245732 0
14 8 246114 0
26 15 245912 1
24 14 245916 0
16 7 245957 0
13 9 245962 0
24 15 245993 0
26 16 246004 1
22 16 246011 0
23 16 246280 0
22 17 246281 0
18 5 246282 0
16 24 246321 0
24 10 246357 1
12 22 246383 0
11 19 246211 0
11 16 246215 0
27 14 246249 1
14 15 246252 1
12 13 246265 0
22 11 246593 0
24 9 246615 1
21 22 246617 1
20 22 246409 1
13 19 246409 1
20 5 246423 1
23 12 246440 0
14 10 246471 0
24 18 246505 1
15 18 246514 1
23 9 246514 1
22 12 246820 0
23 14 246838 0
24 21 246858 1
11 13 246662 0
14 16 246692 1
26 14 246695 1
11 15 246743 0
17 11 247043 1
22 8 247072 1
21 5 247096 1
19 25 247137 1
16 6 247137 0
11 22 247159 0
13 16 246944 1
12 16 246988 0
23 13 246992 0
12 20 247004 0
15 8 247020 0
14 18 247311 1
23 15 247394 0
14 14 247395 1
12 21 247422 0
21 18 247184 0
13 18 247242 1
11 17 247243 0
12 11 247474 0
21 19 247477 0
22 19 247492 0
25 19 247495 1
25 12 247495 1
27 15 247808 1
22 15 247843 0
23 21 247847 1
20 6 247929 1
23 20 247733 1
20 8 247777 1
14 9 247780 0
12 15 247796 0
21 10 248068 0
26 13 248165 1
14 17 247994 1
14 13 248042 1
14 20 248061 1
11 20 248386 0
11 18 248406 0
13 10 248414 0
14 23 248576 0
25 17 248605 1
17 6 248632 0
13 20 248452 1
11 19 248479 0
21 7 248535 1
11 21 248871 0
22 21 248877 1
13 22 248877 0
14 24 248891 0
21 12 248931 0
15 12 248944 1
13 11 248944 0
25 11 248957 1
12 14 248958 0
20 18 248710 0
12 12 248721 0
26 15 248766 1
18 10 248788 1
22 13 248809 0
13 17 248813 1
23 17 248815 0
22 12 249096 0
17 5 249100 0
12 13 249111 0
21 17 249117 0
11 14 249134 0
12 22 249145 0
24 18 249164 1
20 7 249172 1
13 19 248966 1
14 19 249022 1
24 13 249023 0
25 13 249080 1
13 23 249082 0
15 7 249350 0
21 11 249362 0
23 9 249383 1
23 14 249388 0
23 8 249403 1
22 9 249265 1
25 18 249288 1
13 9 249319 0
10 18 249602 0
13 16 249624 1
15 24 249671 0
13 15 249684 1
20 23 249692 1
19 5 249704 1
24 11 249486 1
13 18 249489 1
22 10 249513 0
24 10 249518 1
10 17 249519 0
24 10 249568 1
26 12 249575 1
27 16 249576 1
26 16 249578 1
23 13 249578 0
22 11 249856 0
20 5 249917 1
11 13 249954 0
14 8 249963 0
21 8 249972 1
12 11 249980 0
26 14 249748 1
11 16 249759 0
12 23 249765 0
23 16 249776 0
24 19 249791 1
23 15 250146 0
23 20 250152 1
16 8 250165 0
12 10 250014 0
15 13 250089 1
11 15 250377 0
11 22 250386 0
25 16 250441 1
11 17 250273 0
16 6 250274 0
15 23 250633 0
22 16 250644 0
20 24 250658 1
11 11 250747 0
20 6 250750 1
10 20 250506 0
23 10 250571 1
13 13 250618 0
20 17 250758 0
16 7 250803 0
22 14 250810 0
11 20 250838 0
19 4 251149 1
22 17 251196 0
25 15 251025 1
18 11 251089 1
22 15 251115 0
11 12 251445 0
11 18 251475 0
14 15 251499 1
25 14 251305 1
13 14 251312 1
22 7 251313 1
19 19 251322 0
24 18 251339 1
19 23 251348 1
10 16 251655 0
15 16 251668 1
11 21 251668 0
19 6 251693 1
12 21 251763 0
25 12 251520 1
11 14 251537 0
25 17 251565 1
26 17 251576 1
13 20 251576 1
15 6 251606 0
25 13 251939 1
13 10 251971 0
22 12 251810 0
14 13 251818 1
11 19 251820 0
22 8 251825 1
11 13 251850 0
14 9 251899 0
17 11 252163 1
23 21 252165 1
13 19 252166 1
13 17 252213 1
15 14 252223 1
14 14 252241 1
22 22 252241 1
22 18 252255 0
13 16 252282 1
13 9 252041 1
13 9 252042 0
14 11 252042 0
21 12 252051 0
10 18 252061 0
14 7 252066 0
21 22 252151 1
20 8 252446 1
17 23 252454 1
13 15 252491 1
23 14 252532 0
23 20 252307 1
10 17 252310 0
13 8 252393 0
14 23 252406 0
15 12 252407 1
22 13 252690 0
20 18 252734 0
20 19 252744 0
23 9 252752 1
21 11 252767 0
26 15 252768 1
20 22 252635 1
22 9 252656 1
13 18 252662 1
21 17 252955 0
10 19 252993 0
12 12 253006 0
12 22 253046 0
24 20 252812 1
24 12 252844 1
17 12 252851 1
12 11 252921 0
19 5 253261 1
12 10 253277 0
25 16 253056 1
12 13 253073 0
16 5 253127 0
23 11 253142 1
17 5 253143 0
16 20 253150 0
23 10 253486 1
16 6 253528 0
23 15 253553 0
11 15 253325 0
21 10 253347 0
26 13 253367 1
15 8 253376 0
13 23 253763 0
22 16 253792 0
11 22 253795 0
12 18 253606 1
19 18 253953 0
25 20 253985 1
14 22 253986 0
24 18 254041 1
22 14 254042 0
10 20 253827 0
24 11 253840 1
23 13 253867 0
15 7 253919 0
20 6 254217 1
19 6 254262 1
22 15 254317 0
20 10 254145 0
24 19 254170 1
11 14 254175 0
11 13 254475 0
14 8 254522 0
22 21 254545 1
25 15 254345 1
11 20 254350 0
11 21 254361 0
10 22 254366 0
20 7 254377 1
19 7 254390 1
27 15 254391 1
26 16 254453 1
11 16 254756 0
25 13 254758 1
11 11 254842 0
10 21 254614 0
10 18 254630 0
14 18 254659 1
23 16 254698 0
16 12 254701 1
25 14 255063 1
11 12 255067 0
12 19 255102 1
23 18 254938 1
17 6 254961 0
13 10 254973 0
12 16 255272 1
13 14 255293 1
27 13 255305 1
13 9 255307 0
10 14 255312 0
10 17 255124 0
25 17 255134 1
21 18 255134 0
13 20 255140 1
20 5 255149 1
12 17 255164 1
25 11 255194 1
16 11 255497 1
12 23 255528 0
19 23 255538 1
24 10 255538 1
11 17 255611 0
13 24 255360 0
11 18 255386 0
10 16 255398 0
14 24 255401 0
21 11 255411 0
23 11 255479 1
21 12 255480 0
22 13 255762 0
22 12 255869 0
12 18 255623 1
21 9 255680 1
22 9 255688 1
18 19 255688 0
25 12 255706 1
23 10 256015 1
26 14 256084 1
13 15 256104 1
14 13 256116 1
24 17 255875 1
23 19 255940 1
20 17 255940 0
13 17 255942 1
25 16 255943 1
23 20 255959 1
10 19 255986 0
21 8 256333 1
15 6 256161 0
24 12 256209 1
20 8 256220 1
22 20 256251 1
16 7 256578 0
12 11 256398 0
17 11 256440 1
14 12 256500 1
13 19 256501 1
26 19 256815 1
19 19 256816 0
21 16 256822 0
24 16 256854 1
18 23 256859 1
17 7 256662 0
19 5 256683 1
13 8 256715 0
19 20 256717 0
10 13 256735 0
15 13 256740 1
22 14 256741 0
12 10 257036 0
16 6 257111 0
19 6 257115 1
16 5 257116 0
22 16 257116 0
21 17 256981 0
10 12 257309 0
12 22 257326 0
19 22 257337 1
13 22 257337 0
10 15 257339 0
12 16 257360 1
11 22 257368 0
11 13 257373 0
10 20 257181 0
22 15 257215 0
23 15 257257 0
20 22 257273 1
17 10 257568 1
25 18 257626 1
11 15 257410 0
12 17 257524 1
14 17 257792 1
15 20 257814 0
24 14 257826 1
12 19 257842 1
21 21 257845 1
23 18 257874 1
25 15 257879 1
11 14 257881 0
15 7 257708 0
24 18 257754 1
12 20 257762 1
12 15 257783 1
12 18 258058 1
25 13 258070 1
22 10 258121 1
13 11 258167 0
27 14 258027 1
10 18 258043 0
13 23 258329 0
20 23 258331 1
9 19 258192 0
21 15 258222 0
23 9 258239 1
14 7 258250 0
11 21 258257 0
19 8 258264 1
11 12 258285 0
15 12 258634 1
23 11 258634 1
11 11 258653 0
25 14 258685 1
15 5 258436 0
21 13 258440 0
22 13 258494 0
9 20 258518 0
24 16 258558 1
19 18 258826 0
20 18 258866 0
21 22 258879 1
21 12 258895 0
22 21 258924 1
10 21 258690 0
10 14 258772 0
18 10 258797 1
10 22 259078 0
10 17 259096 0
22 20 259172 1
19 7 259197 1
16 11 259198 1
24 11 258953 1
19 7 258953 1
10 19 258962 0
9 17 258968 0
12 12 258977 0
10 16 258988 0
20 11 259341 0
23 10 259371 1
13 9 259381 0
16 24 259393 1
22 17 259415 0
13 14 259428 1
9 18 259246 0
19 23 259260 1
14 23 259601 0
22 9 259602 1
13 16 259480 1
21 9 259516 1
12 16 259858 1
24 13 259912 1
12 9 259935 0
24 12 259712 1
11 23 259731 0
24 17 259749 1
19 6 260133 1
12 23 260180 0
24 14 260186 1
22 14 260198 0
25 16 260208 1
10 13 259971 0
23 19 260002 1
20 10 260007 0
25 10 260030 1
15 6 260030 0
12 10 260356 0
14 13 260438 1
20 17 260479 0
18 18 260231 0
13 18 260253 1
20 6 260257 1
22 15 260614 0
22 10 260693 1
12 11 260735 0
25 17 260483 1
13 7 260522 0
22 8 260868 1
14 8 260896 0
12 18 260927 1
14 12 260955 1
21 16 260969 0
10 15 260743 0
12 19 260766 1
24 19 260784 1
21 11 260784 0
11 13 260814 0
16 4 260823 0
23 18 260825 1
16 5 260845 0
21 7 260855 1
18 7 261129 1
10 20 261152 0
13 17 261174 1
18 23 261187 1
12 17 261226 1
26 15 261014 1
12 15 261033 1
10 12 261033 0
13 8 261051 0
12 20 261065 1
21 17 261113 0
23 11 261377 1
13 13 261426 1
20 16 261438 0
25 15 261368 1
20 8 261728 1
22 16 261520 0
11 11 261573 0
10 21 261968 0
13 15 261789 1
20 4 261873 1
9 19 261881 0
17 20 262166 0
15 7 262169 0
17 11 262178 1
19 22 262200 1
20 22 262209 1
17 24 262209 1
10 19 262251 0
18 19 262260 0
10 14 262270 0
13 24 262064 0
22 20 262073 1
23 21 262468 1
24 16 262483 1
9 17 262285 0
21 14 262290 0
19 5 262317 1
21 15 262325 0
14 7 262339 0
9 18 262343 0
19 18 262369 0
9 20 262374 0
21 12 262377 0
10 16 262382 0
16 6 262679 0
9 16 262690 0
11 12 262724 0
10 13 262737 0
21 21 262779 1
22 19 262559 1
15 5 262563 0
21 8 262588 1
25 14 262641 1
11 22 262970 0
16 11 263002 1
18 4 263014 1
10 17 262799 0
12 16 262819 1
11 10 262843 0
12 14 262874 1
20 21 263228 1
23 10 263085 1
22 11 263086 1
21 13 263106 0
10 18 263428 0
24 18 263466 1
26 16 263466 1
18 24 263473 1
16 12 263501 1
20 17 263515 0
21 20 263527 1
15 6 263535 0
18 5 263545 1
24 13 263341 1
25 13 263349 1
10 22 263358 0
18 22 263362 1
10 15 263366 0
22 13 263394 0
21 23 263689 1
12 9 263705 0
22 10 263751 1
20 12 263764 0
19 24 263568 1
22 21 263614 1
20 11 263618 0
10 11 263650 0
12 10 263966 0
14 6 264032 0
21 9 264039 1
13 9 264043 0
24 15 264047 1
14 12 263816 1
25 12 263852 1
24 12 263852 1
24 14 263853 1
21 16 263920 0
19 7 264215 1
18 18 264226 0
14 9 264070 0
13 10 264117 0
24 17 264130 1
20 18 264191 0
16 10 264465 1
10 12 264468 0
12 8 264494 0
18 7 264427 1
23 18 264719 1
17 23 264736 1
15 20 264753 0
17 10 264755 1
11 11 264787 0
9 21 264790 0
22 14 264797 0
23 12 264593 1
17 19 264618 0
16 5 264637 0
12 19 264639 1
23 19 264963 1
18 23 264963 1
10 14 265005 0
11 16 265020 1
12 15 265074 1
15 12 264842 1
19 4 264901 1
19 8 264938 1
13 8 264944 0
19 6 265266 1
19 19 265270 0
13 13 265274 1
21 14 265323 0
10 21 265326 0
11 19 265328 1
9 18 265147 0
9 19 265148 0
22 15 265529 0
15 5 265573 0
11 9 265576 0
20 16 265366 0
11 17 265454 1
11 15 265464 1
23 11 265465 1
14 7 265763 0
22 20 265808 1
9 17 265845 0
21 15 265647 0
25 15 265661 1
10 13 265662 0
12 18 265678 1
10 20 265683 0
24 16 265709 1
20 17 266037 0
13 14 265886 1
19 17 265948 0
12 17 266249 1
10 15 266258 0
9 20 266265 0
11 10 266324 0
19 22 266340 1
22 9 266344 1
25 16 266346 1
9 16 266121 0
10 16 266122 0
12 22 266124 0
11 18 266208 1
21 20 266226 1
22 18 266582 1
13 12 266382 1
18 6 266412 1
12 14 266445 1
11 16 266462 1
19 18 266466 0
12 9 266762 0
15 6 266836 0
20 13 266646 0
18 19 266690 0
22 19 266710 1
21 21 266711 1
16 24 266724 1
22 10 267081 1
23 20 267094 1
12 20 267132 1
18 5 266943 1
10 11 266970 0
22 11 266985 1
8 17 266985 0
21 13 266994 0
14 8 266995 0
10 19 267343 0
18 18 267364 0
18 22 267372 1
16 19 267374 0
10 12 267143 0
24 13 267164 1
12 13 267172 1
13 7 267172 0
21 16 267204 0
24 15 267219 1
20 21 267239 1
15 7 267560 0
14 20 267568 0
16 20 267588 0
11 19 267614 1
11 21 267645 0
23 16 267431 1
20 11 267788 0
11 15 267824 1
10 14 267843 0
14 12 267659 1
20 12 267768 0
12 8 267773 0
23 13 268096 1
16 11 268103 1
17 11 268118 1
18 10 268119 1
12 16 267924 1
9 15 267933 0
14 6 267939 0
17 6 267960 1
9 18 267960 0
18 7 267961 1
11 11 267964 0
21 14 268288 0
15 5 268306 0
20 9 268340 1
9 13 268356 0
15 11 268390 1
19 23 268406 1
10 13 268177 0
23 14 268180 1
14 14 268227 1
8 19 268228 0
21 20 268228 1
12 11 268259 0
11 17 268559 1
17 23 268561 1
10 23 268562 0
9 22 268668 0
20 22 268671 1
14 13 268416 1
16 10 268421 1
21 10 268455 1
9 19 268478 0
11 12 268481 0
20 16 268504 0
9 12 268529 0
9 14 268538 0
12 23 268811 0
21 17 268834 0
13 17 268838 1
13 13 268839 1
14 7 268870 0
2 28 268886 1
21 12 268770 0
18 8 269115 1
11 9 269123 0
11 16 269138 1
16 5 269150 0
10 21 269162 0
8 18 268929 0
25 14 268955 1
23 17 268958 1
8 20 268992 0
11 18 269035 1
18 23 269316 1
24 14 269330 1
17 19 269401 0
9 17 269426 0
21 9 269439 1
9 21 269205 0
11 10 269206 0
22 18 269270 1
24 17 269287 1
21 15 269307 0
13 12 269589 1
9 20 269613 0
8 16 269629 0
20 17 269636 0
10 15 269465 0
13 8 269477 0
12 9 269503 0
23 16 269532 1
9 16 269552 0
19 21 269557 1
10 22 269875 0
24 11 269943 1
19 7 269733 1
10 11 270100 0
26 17 270150 1
23 18 270157 1
12 13 270203 1
17 10 269978 1
11 14 270025 1
19 22 270027 1
10 10 270340 0
24 12 270357 1
10 12 270364 0
16 23 270365 1
19 17 270430 0
22 19 270437 1
12 24 270463 0
21 20 270217 1
8 17 270298 0
20 10 270322 0
23 10 270598 1
23 12 270599 1
15 12 270612 1
23 14 270617 1
21 19 270647 1
20 8 270662 1
15 23 270682 1
17 6 270569 1
23 13 270570 1
17 18 270861 0
11 19 270865 1
18 18 270894 0
12 14 270936 1
24 15 270723 1
21 10 270725 1
20 21 270750 1
22 17 270754 1
20 14 270789 0
21 14 270807 0
15 24 271126 1
11 23 271169 0
11 15 271174 1
21 13 271220 0
13 7 271223 0
22 11 270990 1
17 5 271399 1
16 4 271401 0
14 11 271442 1
14 6 271463 0
18 6 271464 1
8 19 271465 0
12 10 271470 0
9 12 271260 0
15 5 271310 0
11 17 271319 1
12 8 271344 0
24 13 271662 1
9 15 271674 0
11 8 271501 0
17 7 271520 1
3 18 271548 1
18 5 271550 1
18 22 271570 1
11 20 271601 1
20 15 271603 0
23 15 271884 1
20 16 271926 0
16 19 271933 0
20 13 271752 0
23 16 271765 1
13 23 271820 0
11 18 271832 1
11 22 272172 0
18 7 272000 1
15 6 272004 0
21 16 272004 0
11 11 272035 0
21 11 272056 1
9 14 272056 0
9 13 272058 0
9 18 272064 0
20 11 272117 0
12 15 272391 1
22 10 272401 1
17 20 272450 0
23 19 272459 1
21 21 272476 1
10 14 272299 0
17 23 272345 1
13 13 272640 1
22 12 272659 1
8 18 272671 0
19 10 272742 0
22 20 272530 1
9 19 272577 0
17 22 272627 1
11 16 272912 1
10 13 272923 0
11 10 272925 0
15 11 272937 1
20 12 272985 0
19 18 272994 0
13 21 273008 0
13 20 273012 0
9 20 273014 0
22 18 272808 1
11 9 272873 0
9 16 272879 0
10 11 273168 0
16 10 273209 1
9 21 273034 0
19 11 273108 0
14 20 273121 0
18 17 273515 0
19 21 273529 1
8 16 273365 0
10 21 273392 0
17 19 273680 0
8 17 273699 0
12 13 273719 1
8 20 273733 0
12 9 273765 0
11 14 273776 1
12 7 273582 0
18 19 273603 0
21 20 273615 1
9 22 273645 0
21 15 273943 0
10 10 273946 0
21 19 273962 1
14 7 273985 0
13 12 273839 1
23 17 274051 1
23 13 274100 1
15 10 274174 1
10 12 274517 0
17 18 274406 0
21 14 274407 0
19 17 274713 0
8 19 274735 0
22 19 274743 1
9 12 274744 0
20 17 274762 0
23 14 274772 1
23 16 274608 1
20 21 274618 1
9 15 274651 0
20 9 274983 1
21 10 275018 1
14 5 275052 0
21 8 275055 1
15 20 274936 0
16 13 275254 1
13 7 275279 0
22 17 275301 1
9 13 275306 0
20 15 275126 0
21 9 275128 1
23 15 275156 1
14 12 275579 1
11 17 275376 1
21 13 275377 0
24 16 275452 1
24 15 275789 1
12 8 275814 0
15 4 275832 0
18 18 275637 0
17 5 275647 1
9 14 276016 0
20 14 276072 0
20 13 275895 0
17 7 275945 1
15 5 275955 0
23 11 276234 1
8 18 276248 0
11 18 276278 1
10 22 276279 0
20 20 276283 1
21 11 276325 1
18 6 276140 1
11 8 276141 0
19 12 276506 0
23 12 276516 1
20 16 276516 0
10 18 276559 1
14 4 276583 0
16 19 276390 0
11 19 276422 1
22 18 276837 1
9 17 276660 0
8 17 276679 0
18 22 277045 1
8 16 277052 0
11 9 277084 0
16 23 276940 1
19 11 276962 0
10 11 277254 0
14 24 277259 1
14 11 277318 1
17 6 277141 1
20 12 277172 0
19 21 277515 1
21 19 277557 1
9 21 277571 0
21 18 277575 1
9 11 277604 0
19 22 277398 1
17 22 277430 1
15 23 277431 1
11 10 277466 0
19 8 277470 1
18 8 277477 1
9 12 277818 0
13 13 277855 1
17 23 277659 1
23 16 277731 1
23 13 278076 1
24 13 278087 1
22 11 278087 1
9 16 278120 0
20 7 277907 1
23 14 277958 1
10 10 277961 0
24 17 278369 1
22 17 278179 1
8 19 278202 0
9 15 278254 0
17 18 278264 0
12 12 278268 1
22 12 278565 1
23 15 278566 1
14 5 278610 0
14 6 278459 0
10 17 278465 1
13 6 278489 0
19 17 278822 0
17 19 278838 0
21 10 278907 1
10 9 278726 0
18 5 278764 1
21 20 278775 1
13 20 279053 0
19 16 279118 0
8 21 278913 0
11 14 278919 1
15 8 279033 0
20 21 279300 1
12 13 279349 1
8 20 279353 0
11 13 279170 1
9 13 279180 0
13 7 279253 0
11 15 279262 1
10 18 279264 1
8 14 279267 0
20 15 279290 0
20 8 279480 1
17 27 279492 1
23 17 279839 1
20 20 279754 1
22 19 280097 1
18 17 280130 0
12 6 279997 0
13 11 280348 1
8 18 280383 0
16 10 280386 1
17 10 280434 1
24 8 280447 1
12 7 280598 0
8 15 280616 0
10 16 280629 1
18 23 280515 1
10 14 280516 1
15 10 280517 1
9 14 280527 0
8 17 280532 0
21 14 280845 0
9 22 280792 0
16 19 280797 0
15 24 281187 1
20 19 280969 1
7 16 280999 0
21 16 281035 0
11 7 281086 0
13 5 281377 0
10 17 281412 1
21 19 281221 1
11 8 281286 0
21 18 281654 1
8 16 281668 0
12 20 281680 0
21 13 281718 0
21 17 281475 1
16 20 281506 0
20 9 281524 1
13 12 281897 1
19 21 281932 1
14 11 281757 1
18 6 281779 1
11 18 281784 1
11 23 281819 0
17 22 282163 1
9 11 282201 0
9 12 282217 0
14 5 282218 0
17 5 282229 1
12 12 282230 1
24 12 282035 1
17 18 282047 0
7 18 282049 0
11 13 282099 1
13 8 282377 0
20 10 282387 1
20 13 282411 0
18 21 282461 1
16 18 282285 0
23 15 282342 1
14 19 282353 0
20 14 282630 0
16 23 282692 1
19 7 282703 1
19 11 282502 0
9 10 282585 0
9 20 282918 0
20 20 282930 1
17 7 282981 1
19 15 282817 0
13 19 283218 0
10 19 283233 1
8 11 283033 0
7 17 283037 0
15 4 283044 0
15 19 283058 0
17 24 283457 1
16 24 283468 1
8 13 283469 0
9 15 283518 0
22 16 283519 1
12 8 283291 0
10 15 283652 1
22 17 283668 1
10 10 283715 0
19 12 283542 0
15 11 283904 1
10 11 283989 0
10 18 283780 1
14 6 283780 0
13 6 283800 0
8 19 283889 0
10 9 284164 0
10 16 284179 1
8 12 284189 0
14 4 284044 0
18 18 284128 0
17 15 284142 1
24 15 284144 1
19 16 284508 0
20 15 284514 0
17 23 284527 1
20 16 284326 0
19 10 284381 0
22 13 284393 1
19 17 284676 0
11 9 284676 0
9 21 284695 0
22 21 284698 1
20 19 284713 1
22 18 284550 1
22 15 284591 1
21 18 285023 1
14 23 285052 1
23 16 284823 1
21 11 284876 1
9 13 285190 0
12 14 285200 1
7 19 285262 0
20 21 285067 1
16 22 285443 1
10 23 285539 0
31 1 285398 1
10 14 285420 1
8 18 285608 0
10 17 285618 1
20 22 285627 1
8 14 285955 0
25 15 285996 1
13 7 286074 0
18 17 285929 0
14 5 286254 0
17 6 286298 1
33 6 286306 1
23 19 286098 1
12 23 286497 0
15 10 286373 1
9 11 286724 0
19 20 286799 1
21 19 286601 1
21 22 287074 1
19 13 286870 0
11 13 286883 1
16 11 286883 1
21 17 286910 1
17 17 286924 0
16 19 287236 0
16 6 287244 1
19 9 287257 1
12 12 287303 1
24 14 287133 1
10 8 287142 0
19 14 287223 0
22 14 287226 1
8 21 287515 0
13 11 287372 1
20 10 287399 1
22 16 287429 1
20 20 287813 1
8 16 287626 0
8 15 287668 0
8 17 287685 0
19 6 287700 1
23 17 288080 1
19 21 288096 1
12 20 288112 0
23 15 287906 1
11 8 288157 0
22 12 288184 1
9 12 288622 0
18 11 288458 0
18 21 288884 1
9 9 288734 0
12 7 289051 0
14 20 289091 0
18 22 289125 1
13 20 288983 0
8 20 289004 0
13 5 289282 0
24 19 289178 1
16 7 289259 1
7 16 289269 0
22 13 289276 1
10 15 289548 1
17 19 289572 0
22 17 289578 1
27 12 289639 1
23 12 289426 1
10 19 289518 1
6 31 289534 1
14 11 289862 1
17 18 290091 0
21 18 290114 1
19 15 290114 0
22 15 290120 1
19 16 290121 0
7 20 290126 0
10 9 290157 0
13 13 289973 1
7 18 290315 0
10 16 290253 1
20 9 290605 1
23 14 290660 1
12 6 290468 0
18 16 290472 0
15 23 290482 1
23 13 290860 1
8 11 290787 0
16 10 291079 1
17 22 291108 1
20 19 291148 1
20 12 290954 0
8 13 291057 0
13 6 291203 0
16 5 291670 1
17 5 291459 1
14 24 291460 1
15 19 291463 0
14 5 291491 0
20 14 291538 0
9 10 291785 0
14 10 291839 1
18 10 292162 0
19 12 291983 0
19 8 292021 1
8 12 292385 0
7 17 292404 0
9 11 292288 0
7 19 292533 0
22 19 292896 1
8 19 292967 0
7 21 292833 0
9 22 292838 0
20 15 293208 0
16 18 293232 0
10 17 293048 1
31 17 293062 1
20 13 293062 0
12 13 293084 1
11 14 293084 1
11 7 293426 0
25 9 293464 1
11 16 293340 1
10 18 293561 1
16 22 294182 1
12 13 294191 1
17 7 294192 1
19 11 294228 0
21 11 294065 1
8 14 294130 0
18 17 294276 0
10 14 294935 1
8 22 295022 0
20 10 295124 1
10 10 295312 0
22 14 295765 1
8 21 295806 0
19 20 295629 1
18 6 295973 1
12 12 296004 1
11 12 296011 1
19 13 296039 0
16 23 295877 1
10 20 296073 1
19 14 296169 0
14 4 296734 0
10 22 296784 0
12 9 297045 0
18 30 297054 0
14 23 297055 1
16 6 296858 1
10 15 296942 1
9 13 297251 0
10 19 297102 1
21 17 297170 1
22 16 297515 1
13 5 297570 0
10 16 297650 1
19 16 298075 0
11 13 298080 1
18 30 298299 0
8 15 298121 0
32 8 298172 1
8 18 298584 0
18 21 298605 1
22 13 298799 1
11 17 298871 1
18 11 298938 0
19 15 299523 0
18 7 299574 1
11 23 299483 0
20 18 299869 1
7 18 299652 0
9 17 300130 1
21 12 300304 1
10 9 300401 0
21 21 300583 1
9 12 300586 0
19 9 300899 1
8 20 300704 0
9 23 300758 0
14 15 300762 1
18 30 301030 0
16 5 301402 1
7 16 301406 0
8 13 301434 0
16 7 301217 1
32 6 302084 1
32 6 302085 1
14 5 301985 0
17 8 302275 1
21 18 302608 1
11 24 303028 0
7 14 303679 0
33 6 304287 1
5 32 304672 1
18 10 304698 0
9 10 304707 0
30 3 304728 1
8 16 304728 0
14 12 304924 1
18 8 304799 1
10 23 305642 0
21 19 307025 1
32 10 307141 1
10 19 308529 1
10 19 308529 1
